casjobsID	objid	ra	dec	e_bv	mag_nuv	mag_fuv	pmRA	pmDE	Bmag	Vmag	rmag	imag	Jmag	Hmag	Kmag	IR	FUV-NUV	NUV-H	NUV-R	J-K	H-K
-1016829357	2.56522E+18	278.2451689	0.436675861	1.899647355	22.66939735	99							15.695	14.685	14.387		-100	7.984397354	-100	1.308	0.298
-1016829322	2.56522E+18	278.2209399	0.345739669	1.944280863	21.13917732	22.35495758	15.8	-1.1	14.259	13.191	12.821	12.468	11.404	10.907	10.626		1.215780258	10.23217732	8.318177322	0.778	0.281
-1016868964	6.37545E+18	271.0017919	-0.274229997	0.401445478	20.03055573	21.48358727	-6.1	-0.3	16.67	16.013			15.117	15.077	14.869		1.45303154	4.953555725		0.248	0.208
-1016868939	6.37545E+18	270.9852774	-0.291031984	0.401445478	19.48254967	20.08354759							15.885	15.721	15.27		0.600997925	3.761549667	-100	0.615	0.451
-1016868875	6.37545E+18	271.0032014	-0.3523006	0.412268341	21.16765022	22.61996269	-3.9	-5.1					13.268	12.665	12.46		1.452312469	8.502650223		0.808	0.205
-1016868872	6.37545E+18	271.168555	-0.358112094	0.431292236	21.62033081	22.32484818	0.4	-0.3					14.297	13.997	13.788		0.704517365	7.623330811		0.509	0.209
-1016868806	6.37545E+18	271.0235697	-0.402483469	0.428464621	21.70036697	23.83948898							13.097	12.55	12.334		2.139122009	9.150366974		0.763	0.216
-1016868795	6.37545E+18	271.0508227	-0.406597672	0.428464621	20.5342617	21.19879723	-10	-26.5					15.435	15.246	15.038		0.664535522	5.288261703		0.397	0.208
-1016875398	6.3756E+18	270.0042784	-1.743179937	0.645717919	18.42268181	21.50870895	17.8	6.1	13.562	12.577	12.324	12.017	11.275	11.034	10.756		3.086027145	7.388681808	6.098681808	0.519	0.278
-1016875284	6.3756E+18	270.1197235	-1.979941711	0.604097009	21.90946198	99							16.692	15.732	15.222		-100	6.177461975	-100	1.47	0.51
-1016875164	6.3756E+18	270.0118937	-2.191285547	0.661936879	20.84310341	23.48697281	3.3	14.4	13.234	11.741	11.242	10.667	9.123	8.374	8.23		2.6438694	12.46910341	9.601103409	0.893	0.144
-1016875041	6.3756E+18	270.1522718	-2.351401951	0.755346656	20.88944626	25.45925522							13.795	13.267	13.081		4.56980896	7.622446259	-100	0.714	0.186
-1016829807	2.56515E+18	276.6242169	1.916832046	1.37548399	22.84575844	99							15.926	15.292	15.004		-100	7.553758438	-100	0.922	0.288
-1016829800	2.56515E+18	276.6263504	1.946525216	1.360761523	22.93483353	25.38091278							15.014	14.204	14.016		2.446079254	8.730833527	-100	0.998	0.188
-1016829764	2.56515E+18	276.4417781	1.815982705	1.16022563	22.10957909	23.60806274	0.8	15.6	16.29	14.977	14.488		12.301	11.811	11.594		1.498483658	10.29857909	7.621579086	0.707	0.217
-1016829744	2.56515E+18	276.6778777	1.737841242	1.376039267	22.35280418	23.01847839							14.675	13.909	13.69		0.66567421	8.443804184	-100	0.985	0.219
-1016829741	2.56515E+18	276.5198908	1.722159119	1.286506295	20.68604469	23.48166275	0.3	0.8	14.668	13.49	13.019	12.508	10.901	10.524	10.291		2.795618057	10.16204469	7.667044693	0.61	0.233
-1016829698	2.56515E+18	276.5107228	1.588770889	1.328606129	21.36906433	22.84452438	4.1	6.3	11.477	9.286			5.116	3.936	3.708	1	1.475460052	17.43306433		1.408	0.228
-1016829678	2.56515E+18	276.5222931	1.531153914	1.296909809	22.14704895	99							12.744	12.164	12.037		-100	9.98304895	-100	0.707	0.127
-1016829639	2.56515E+18	276.4510172	1.51187321	1.330933571	22.04235077	99							16.098	15.403	15.233		-100	6.639350769	-100	0.865	0.17
-1016829799	2.56515E+18	276.1752237	1.951802657	1.065746427	22.75850868	23.64685822	0.3	-1.6	16.409	15.086	14.575	14.104	12.272	11.783	11.576		0.888349533	10.97550868	8.183508682	0.696	0.207
-1016829774	2.56515E+18	276.0103708	1.832402675	1.215411425	22.86471939	99							14.113	13.598	13.405		-100	9.266719391	-100	0.708	0.193
-1016899669	6.37545E+18	271.8584373	-2.032883265	1.330011368	20.17487144	22.33922768	-3.5	5.6	14.268	13.087	12.674	12.103	10.658	10.293	10.078		2.164356232	9.881871445	7.500871445	0.58	0.215
-1016899653	6.37545E+18	271.8872297	-2.229961226	1.370666981	20.859375	22.36009979	23.2	-2.1	13.83	12.675	12.182	11.693	10.278	9.685	9.495		1.500724792	11.174375	8.677375	0.783	0.19
-1016899650	6.37545E+18	272.0430759	-2.321806979	1.445789099	18.53219414	18.13042068	-17.5	-45.7	16.761	15.592	15.102	14.243	12.523	11.778	11.637		-0.401773453	6.754194138	3.430194138	0.886	0.141
-1016899623	6.37545E+18	271.9078807	-2.677412067	1.510778308	20.34657288	23.10036469	7.4	-16.8	12.329	10.851	10.3	9.603	7.872	7.189	7.013	1	2.753791809	13.15757288	10.04657288	0.859	0.176
-1016878693	6.37545E+18	272.3761693	-1.094472208	1.131427526	21.84477425	99							15.347	14.502	14.226		-100	7.342774246	-100	1.121	0.276
-1016878679	6.37545E+18	272.2735786	-1.219339662	1.170778036	18.53242111	23.44887352	-0.4	-7.1	13.803	12.928	12.597	11.918	9.648	8.392	7.982		4.916452408	10.14042111	5.935421112	1.666	0.41
-1016878654	6.37545E+18	272.6801117	-1.4094383	1.471309662	21.2934761	21.75057793							15.405	14.374	14.183		0.457101822	6.919476105	-100	1.222	0.191
-1016878643	6.37545E+18	272.8348802	-1.475783048	1.613745093	22.14883041	99							16.641	15.761	15.046		-100	6.387830414	-100	1.595	0.715
-1016878618	6.37545E+18	272.8945363	-1.594500145	1.57524693	22.08701134	99							16.204	15.368	14.668		-100	6.719011337	-100	1.536	0.7
-1016878605	6.37545E+18	272.8609588	-1.691236287	1.657254815	22.14180183	99							16.205	15.519	15.261		-100	6.622801834	-100	0.944	0.258
-1016878587	6.37545E+18	272.9265186	-1.790687226	1.635481	21.822155	23.3208313							14.298	13.226	12.948		1.4986763	8.596154999	-100	1.35	0.278
-1016875647	6.37545E+18	272.8691648	-0.517532918	0.746046066	22.07317352	99							15.944	15.116	14.954		-100	6.957173523	-100	0.99	0.162
-1016875641	6.37545E+18	272.968594	-0.533664281	0.746353149	21.8441925	99							15.789	15.347	14.86		-100	6.497192505	-100	0.929	0.487
-1016875225	6.3756E+18	270.3435033	-2.076491403	0.694345236	21.66927719	22.10770607	1.1	-3.1	13.592	11.794	11.307	10.739	9.171	8.553	8.346		0.438428879	13.11627719	10.36227719	0.825	0.207
-1016875170	6.3756E+18	270.3476713	-2.172446457	0.744712114	21.06147575	22.23663902	6	0.8					9.671	8.974	8.771		1.175163269	12.08747575		0.9	0.203
-1016875097	6.3756E+18	270.2490313	-2.27523218	0.764553428	21.53369713	26.05636597	8.5	-9.1	14.052	12.27	11.832	11.189	9.428	8.744	8.574		4.522668839	12.78969713	9.701697128	0.854	0.17
-1016875030	6.3756E+18	270.3074585	-2.391076912	0.800754488	20.22072411	22.12691116	-41.8	-14	13.082	11.498	10.975	10.351	8.799	8.155	7.981	1	1.906187057	12.06572411	9.245724106	0.818	0.174
-1016871985	6.37542E+18	270.2843885	-0.083733442	0.395161629	21.50186348	22.08071518	-43.2	3.2	16.7	15.505	15.091	14.561	13.534	12.963	12.772		0.5788517	8.53886348	6.41086348	0.762	0.191
-1016871903	6.37542E+18	270.2636812	-0.165562236	0.43764466	21.97137833	22.80067062							15.628	15.385	15.085		0.829292297	6.586378326	-100	0.543	0.3
-1016871820	6.37542E+18	270.2571071	-0.22917963	0.459806532	21.01483917	23.2703743	1.1	15.6	12.294	10.856	10.34	9.843	8.23	7.588	7.417	1	2.255535126	13.42683917	10.67483917	0.813	0.171
-1016876001	6.37545E+18	274.4046123	0.239522494	0.871465206	21.45057106	22.6791935							15.99	15.773	14.879		1.228622437	5.67757106	-100	1.111	0.894
-1016875916	6.37545E+18	274.2689935	-0.004954351	0.848763704	20.95345116	99							15.477	14.694	14.484		-100	6.259451157	-100	0.993	0.21
-1016872119	6.37542E+18	270.1672255	0.064959565	0.428268343	21.79348755	99							16.538	15.837	15.02		-100	5.956487549	-100	1.518	0.817
-1016872103	6.37542E+18	270.1837788	0.029581694	0.431038886	21.05030823	99							13.336	12.864	11.421		-100	8.186308228		1.915	1.443
-1016872098	6.37542E+18	270.0303894	0.092932697	0.441425622	21.52330589	99							16.255	15.647	15.549		-100	5.876305893	-100	0.706	0.098
-1016872004	6.37542E+18	270.183414	-0.068010862	0.412508458	21.82252884	99							15.532	15.074	14.814		-100	6.748528839	-100	0.718	0.26
-1016871989	6.37542E+18	270.0682343	-0.079342005	0.443747044	21.42783737	99							16.15	16.047	15.07		-100	5.380837372	-100	1.08	0.977
-1016868669	6.37545E+18	271.1417204	-0.498319649	0.448804498	20.59713173	25.0158844	-2.3	-7.5	15.081	13.963	13.526	13.054	11.483	10.937	10.772		4.41875267	9.660131729	7.071131729	0.711	0.165
-1016868667	6.37545E+18	271.0655557	-0.491608515	0.453959942	20.58065605	24.34762001	7.2	0	14.027	12.734	12.215	11.714	10.002	9.317	9.103		3.766963959	11.26365605	8.365656052	0.899	0.214
-1016868622	6.37545E+18	271.3035278	-0.560039305	0.482903749	22.05900192	23.63532448	-1	-12.2					14.268	13.899	13.695		1.576322556	8.160001923		0.573	0.204
-1016829731	2.56515E+18	276.0221291	1.687372016	1.329516768	21.32210159	24.88628578	153	-242	13.397	11.863	11.255	10.217	8.297	7.737	7.487	1	3.564184189	13.58510159	10.06710159	0.81	0.25
-1016829723	2.56515E+18	275.7529198	1.657032271	1.200421095	23.07770157	99							15.688	15.129	14.886		-100	7.948701569	-100	0.802	0.243
-1016829709	2.56515E+18	276.1763966	1.632367433	1.430128813	18.56755447	20.76336479	-0.9	2.9	12.261	11.175	10.712	10.294	8.658	8.376	8.142	1	2.195810318	10.19155447	7.855554474	0.516	0.234
-1016829688	2.56515E+18	276.3636746	1.543245926	1.411860466	21.13943863	23.07250595	2.9	8.3	15.269	13.967	13.53	12.987	11.239	10.93	10.712		1.933067322	10.20943863	7.609438629	0.527	0.218
-1016829686	2.56515E+18	275.8234588	1.534003876	1.40128243	21.93376541	22.87828445	-28.1	-68.1	14.449	13.309	12.856	12.474	11.232	10.681	10.478		0.944519043	11.25276541	9.077765411	0.754	0.203
-1016829654	2.56515E+18	276.2471372	1.519794157	1.46846211	21.15545273	99							16.304	15.401	15.023		-100	5.754452728	-100	1.281	0.378
-1016829650	2.56515E+18	276.3593367	1.519733958	1.443346739	20.31171799	23.24112701							14.153	13.01	12.602		2.929409027	7.301717987	-100	1.551	0.408
-1016829618	2.56515E+18	276.2203306	1.495857324	1.438545704	21.62814903	23.86782074							15.972	15.288	14.832		2.239671707	6.340149033	-100	1.14	0.456
-1016829609	2.56515E+18	275.9759137	1.490181078	1.462514162	21.17346001	25.14458466							15.085	14.228	13.94		3.971124649	6.945460007	-100	1.145	0.288
-1016829603	2.56515E+18	276.3854211	1.484343586	1.403692245	21.02447319	22.99562263							14.935	14.189	13.876		1.971149445	6.83547319	-100	1.059	0.313
-1016829599	2.56515E+18	276.1856639	1.484066691	1.404284954	21.90336418	99							17.133	16.032	15.579		-100	5.871364182	-100	1.554	0.453
-1016829585	2.56515E+18	276.2239465	1.480591035	1.464014411	21.14281082	23.14554405							13.728	13.092	12.864		2.002733231	8.050810822	-100	0.864	0.228
-1016878646	6.37545E+18	272.2470802	-1.459085648	1.131025195	21.74948692	99							16.076	15.521	15.317		-100	6.228486923	-100	0.759	0.204
-1016878622	6.37545E+18	272.4265382	-1.578858301	1.304541826	21.92697144	22.96298981	-1.9	-4.5					13.787	13.197	13.013		1.036018372	8.729971436		0.774	0.184
-1016878614	6.37545E+18	272.7203127	-1.612515905	1.725799322	20.91282463	22.02937126	3.2	-13.7	14.357	13.182	12.719	12.171	10.804	10.328	10.124		1.116546631	10.58482463	8.193824631	0.68	0.204
-1016878611	6.37545E+18	272.5260105	-1.629263135	1.39913094	19.02643967	22.75998497							16.525	17.14	16.644		3.733545303	1.886439667	-100	-0.119	0.496
-1016878558	6.37545E+18	272.0953818	-1.959440684	1.598187566	20.0681591	21.09961319	-3.9	1.7	13.631	12.403	11.965	11.274	9.682	9.345	9.126		1.031454086	10.7231591	8.103159103	0.556	0.219
-1016871800	6.37542E+18	270.0711554	-0.245694172	0.418806136	21.06941986	21.79987717	0.5	-5.8	13.68	12.354	11.902	11.392	9.867	9.236	9.054		0.730457306	11.83341986	9.167419861	0.813	0.182
-1016871764	6.37542E+18	270.1028923	-0.27705648	0.426535249	21.9547081	22.71779442	-10	-0.2	16.441	15.311	14.925	14.422	13.088	12.459	12.34		0.763086319	9.495708099	7.029708099	0.748	0.119
-1016871608	6.37542E+18	270.0720913	-0.391285959	0.422767013	21.60290909	22.66625786	-5.8	-9.5	17.172	16.704			15.117	14.911	14.598		1.06334877	6.691909088		0.519	0.313
-1016871529	6.37542E+18	270.0705404	-0.492778801	0.420335293	21.246418	22.71586227	-2.5	-6.6	17.027	16.195	15.883	15.573	14.571	14.234	13.991		1.469444275	7.012417999	5.363417999	0.58	0.243
-1016871468	6.37542E+18	270.1738182	-0.578271039	0.464035273	21.96958542	23.70453835							15.586	15.172	14.338		1.734952927	6.797585419	-100	1.248	0.834
-1016829578	2.56515E+18	276.4059912	1.466606263	1.364540815	22.34813309	23.31697083	6.5	9.7	15.98	14.557	13.984	13.416	11.697	11.23	11.016		0.968837738	11.11813309	8.364133087	0.681	0.214
-1016829537	2.56515E+18	276.7054845	1.376851185	1.592489123	14.84181595	15.3359108	-15.8	15.2					9.191	9.114	8.908	1	0.494094849	5.727815948		0.283	0.206
-1016829534	2.56515E+18	276.5274308	1.300550671	1.422818065	21.64278793	24.50935364	-0.3	-2.4	14.975	13.566	13.015	12.336	10.424	10.008	9.805		2.866565704	11.63478793	8.627787933	0.619	0.203
-1016829515	2.56515E+18	276.4752137	1.20838235	1.488212109	22.84354782	23.75728607							10.481	9.292	8.73		0.913738251	13.55154782	-100	1.751	0.562
-1016875600	6.37545E+18	273.3162131	-0.712331405	1.072587609	21.52695084	22.90732384	5.5	-3.3	14.927	13.714	13.222	12.654	10.957	10.577	10.355		1.380373001	10.94995084	8.304950836	0.602	0.222
-1016875561	6.37545E+18	272.860063	-0.821195886	1.10311532	20.62897491	24.2205143	3.5	-10.5	12.222	10.833	10.318	9.715	8.134	7.484	7.28	1	3.591539383	13.14497491	10.31097491	0.854	0.204
-1016875534	6.37545E+18	273.0279221	-0.928206772	1.219807744	21.22366905	21.55946541	-7.6	21.2	16.608	14.791	14.232	12.57	10.357	9.78	9.484		0.335796356	11.44366905	6.991669052	0.873	0.296
-1016829557	2.56515E+18	275.980731	1.426246984	1.443651557	20.56122971	23.55455589	-1.1	8.2	14.529	13.135	12.585	12.06	10.384	9.977	9.775		2.993326187	10.58422971	7.976229706	0.609	0.202
-1016869146	6.37545E+18	270.6755581	-0.019035626	0.351830542	21.12262154	23.55104446	7.9	2.1	13.276	11.903	11.404	10.997	9.377	8.708	8.532		2.428422928	12.41462154	9.718621536	0.845	0.176
-1016869142	6.37545E+18	270.7983835	-0.10942686	0.355473727	21.23917198	99							12.893	12.398	12.059		-100	8.841171982		0.834	0.339
-1016875888	6.37545E+18	274.2598609	-0.063518739	0.850406289	21.15039444	99							16.563	15.559	15.092		-100	5.59139444	-100	1.471	0.467
-1016875877	6.37545E+18	274.1435395	-0.090591014	0.884688199	21.44563484	23.69925308	2.7	3.4	12.774	11.263	10.686	10.091	8.347	7.713	7.504	1	2.25361824	13.73263484	10.75963484	0.843	0.209
-1016875871	6.37545E+18	274.3068672	-0.106561018	0.837840378	21.82364464	22.2449379	-10	-20.5	14.586	13.207	12.624	11.972	10.339	9.654	9.46		0.421293259	12.16964464	9.199644638	0.879	0.194
-1016875860	6.37545E+18	274.2748903	-0.105273053	0.837840378	19.4092617	23.21738052	1.4	-1	11.646	10.262	9.752	9.208	7.671	7.114	6.893	1	3.80811882	12.2952617	9.657261703	0.778	0.221
-1016875859	6.37545E+18	274.5202878	-0.115153447	0.883354306	20.76124954	23.54413223	6.6	12.6	12.162	10.622	10.046	9.411	7.771	7.098	6.928	1	2.78288269	13.66324954	10.71524954	0.843	0.17
-1016875835	6.37545E+18	274.4982212	-0.162248137	0.862524211	20.8197155	21.83687973	-5	-5.5	15.467	14.294	13.813	13.266	12.021	11.424	11.237		1.01716423	9.3957155	7.0067155	0.784	0.187
-1016875762	6.37545E+18	274.1441966	-0.351457397	0.867477357	21.69485855	23.23950577	1.3	-2.9	16.681	15.806	15.689	15.357	13.946	13.805	13.578		1.544647217	7.889858551	6.005858551	0.368	0.227
-1016829463	2.56522E+18	277.9960486	0.776065368	2.071136236	22.39498901	23.08380127							15.87	14.86	14.475		0.688812256	7.534989014	-100	1.395	0.385
-1016829461	2.56522E+18	278.0108592	0.776608369	2.071136236	21.82184219	23.31919289							10.818	10.23	9.962	1	1.497350693	11.59184219		0.856	0.268
-1016829433	2.56522E+18	277.6495948	0.67430537	2.49704957	21.07229614	22.70871735	6.4	-11.3	16.171	14.598	13.87	12.988	10.776	9.824	9.334	1	1.636421204	11.24829614	7.202296143	1.442	0.49
-1016829422	2.56522E+18	278.0442087	0.740446793	2.074728966	22.52796364	23.01008797							16.242	15.394	15.05		0.482124329	7.133963638	-100	1.192	0.344
-1016829418	2.56522E+18	278.0031666	0.645117112	2.172780514	21.83649635	23.11573029	-19.4	-43.8	15.682	14.431	13.974	13.454	11.967	11.299	11.139		1.279233932	10.53749635	7.862496353	0.828	0.16
-1016829405	2.56522E+18	277.3059915	0.588798093	2.509523869	21.5271225	25.44970131	-6.8	-44.9	14.481	13.085	12.467	11.561	9.892	9.28	9.059	1	3.922578812	12.2471225	9.060122498	0.833	0.221
-1016829383	2.56522E+18	277.5713947	0.521144685	2.336959839	22.05120468	23.60452652	-6.2	0.2	15.143	13.509	12.809	11.791	9.623	9.156	8.838		1.553321838	12.89520468	9.242204681	0.785	0.318
-1016829332	2.56522E+18	277.2741122	0.375765214	2.300159931	19.87109375	22.39035988	5.3	-5.3	14.592	13.488	13.068	12.349	10.496	9.995	9.782	1	2.519266129	9.87609375	6.80309375	0.714	0.213
-1016829277	2.56522E+18	277.1761802	0.247681404	2.463871479	22.64154053	99							16.697	15.356	14.993		-100	7.285540527	-100	1.704	0.363
-1016829240	2.56522E+18	277.1992522	0.144586824	2.777490377	16.82648468	17.79054832	2.9	-9.4	13.275	12.244	11.795	11.198	8.673	7.435	6.321	1	0.964063644	9.39148468	5.03148468	2.352	1.114
-1016868505	6.37545E+18	271.0741617	-0.690589735	0.481578767	21.97614479	23.72158432							16.488	16.292	15.972		1.745439529	5.684144791	-100	0.516	0.32
-1016868473	6.37545E+18	271.1448222	-0.749555173	0.524780214	20.99600601	21.00473976							15.579	15.134	14.821		0.008733749	5.862006012	-100	0.758	0.313
-1016868419	6.37545E+18	271.028134	-0.89418233	0.533280015	20.73033524	22.60022545	-3.7	-3.3	13.92	12.527	12.033	11.371	9.526	8.872	8.699		1.869890213	11.85833524	8.697335236	0.827	0.173
-1016868417	6.37545E+18	271.0464853	-0.900136172	0.543847203	21.2965641	20.85794067							15.099	14.442	14.301		-0.438623428	6.854564102	-100	0.798	0.141
-1016868385	6.37545E+18	271.3205737	-1.019763495	0.695426881	21.81596565	99	-3.3	-7.4	16.778	15.693	15.13	14.52	12.749	12.156	11.987		-100	9.659965652	6.685965652	0.762	0.169
-1016868375	6.37545E+18	271.1809027	-0.965128565	0.575167298	20.02692795	21.87157059	-1.4	1.3	12.624	11.237	10.761	10.081	8.299	7.678	7.44	1	1.844642639	12.34892795	9.265927948	0.859	0.238
-1016871383	6.37542E+18	270.1891185	-0.681468086	0.520270586	21.01043892	21.47923851	9.1	3	16.174	15.261	14.894	14.426	13.36	12.884	12.669		0.468799591	8.126438919	6.116438919	0.691	0.215
-1016866166	6.37545E+18	270.0665895	-0.874369962	0.476616472	20.42204094	22.77444267	-9.1	-3.7	14.36	13.361	13.007	12.633	11.326	10.903	10.695		2.352401733	9.519040939	7.415040939	0.631	0.208
-1016866146	6.37545E+18	270.078738	-0.83373901	0.477459639	21.57416534	23.66462708	-1.1	4.5	16.356	15.514	15.222	14.898	13.584	13.172	12.963		2.090461731	8.402165344	6.352165344	0.621	0.209
-1016869086	6.37545E+18	270.5974783	-0.043644101	0.365749061	21.46653557	22.82062531	-1.3	1.5					14.499	14.216	13.826		1.354089737	7.250535568		0.673	0.39
-1016869079	6.37545E+18	270.6110761	-0.023456376	0.368863523	21.60391235	22.1993084	-0.2	-5.8					14.707	14.494	14.256		0.595396042	7.109912354		0.451	0.238
-1016869059	6.37545E+18	270.4720065	-0.140998536	0.389979154	22.00477409	25.08080101	-3.8	-3.7					15.113	14.838	14.607		3.076026917	7.166774094		0.506	0.231
-1016869025	6.37545E+18	270.8177809	-0.193965795	0.398808211	21.33565331	22.89984512	3.4	-7	16.585	15.918	15.586	15.457	14.095	13.758	13.554		1.564191818	7.577653305	5.749653305	0.541	0.204
-1016869007	6.37545E+18	270.8293632	-0.230653906	0.408268094	21.95426178	23.98118019							16.265	15.617	15.429		2.026918411	6.33726178	-100	0.836	0.188
-1016875638	6.37545E+18	272.516479	-0.518103248	0.822646737	21.55768585	21.65478897							16.513	15.858	15.001		0.097103119	5.699685852	-100	1.512	0.857
-1016875486	6.37545E+18	272.7380149	-1.156572776	1.180814624	20.68926048	23.11385727	-0.9	-3.6	11.739	10.275	9.76	9.175	7.652	7.007	6.828	1	2.424596786	13.68226048	10.92926048	0.824	0.179
-1016875476	6.37545E+18	273.1406613	-1.203699664	1.347353935	21.98256111	23.12099838							16.197	15.63	14.969		1.138437271	6.352561111	-100	1.228	0.661
-1016871216	6.37545E+18	273.0342338	1.355509148	0.697749674	19.61824417	23.21271515	-2.6	-3.9	11.637	9.997			6.86	6.112	5.87	1	3.594470978	13.50624417		0.99	0.242
-1016871163	6.37545E+18	272.8695668	1.146473178	0.765728176	21.86050797	23.69394493							14.533	13.971	13.822		1.833436966	7.889507965	-100	0.711	0.149
-1016871153	6.37545E+18	273.3574867	1.134908432	0.787681043	21.72226143	99							15.013	14.374	14.274		-100	7.348261429	-100	0.739	0.1
-1016876236	6.37545E+18	274.8951677	0.96784511	1.0017519	21.23278427	22.06938934							16.025	15.431	14.399		0.836605072	5.801784271	-100	1.626	1.032
-1016876223	6.37545E+18	275.3214768	0.913056855	1.257100821	21.80117035	99	4.9	1.1					13.572	12.998	12.826		-100	8.803170349		0.746	0.172
-1016876217	6.37545E+18	274.5963559	0.90143877	1.023976207	21.88682556	99							14.582	13.864	13.735		-100	8.022825562	-100	0.847	0.129
-1016876201	6.37545E+18	274.8570189	0.841894627	1.015461445	19.72034073	23.97491646	11	-1.3	9.912	8.779	8.634	7.069	4.208	3.24	2.952	1	4.254575729	16.48034073	11.08634073	1.256	0.288
-1016829375	2.56522E+18	277.8954583	0.478280638	2.176544428	22.93976212	99							15.344	14.226	13.851		-100	8.713762115	-100	1.493	0.375
-1016829358	2.56522E+18	277.4637467	0.463490141	2.384798765	19.18130493	20.35384941	7.7	-4.4	14.411	13.447	12.997	12.371	10.544	10.14	9.851	1	1.172544479	9.041304932	6.184304932	0.693	0.289
-1016829352	2.56522E+18	277.5271691	0.432384502	2.350797176	22.73765755	99							16.739	15.348	15.211		-100	7.389657547	-100	1.528	0.137
-1016829337	2.56522E+18	277.514666	0.395783132	2.41611743	21.64230347	23.64604187							13.226	12.344	11.619	1	2.003738403	9.298303467	-100	1.607	0.725
-1016829326	2.56522E+18	277.7774307	0.353549742	2.263697863	22.73434067	24.17073441							16.661	15.07	15.055		1.436393738	7.664340668	-100	1.606	0.015
-1016829324	2.56522E+18	277.7069661	0.374616743	2.404630661	20.16852951	99							15.013	13.861	13.446		-100	6.30752951	-100	1.567	0.415
-1016829281	2.56522E+18	277.4172422	0.253453568	2.577321291	22.52510834	22.58375549							15.389	14.785	14.159	1	0.058647156	7.740108337	-100	1.23	0.626
-1016868058	6.37545E+18	273.7061359	1.066831267	0.760172367	21.73820496	23.34248161							16.088	15.481	15.384		1.604276657	6.257204956	-100	0.704	0.097
-1016868036	6.37545E+18	274.0008181	1.001603036	0.852567554	21.63891029	26.12227249	-2.3	3.2					13.027	12.526	12.29		4.483362198	9.112910294		0.737	0.236
-1016865719	6.37545E+18	270.1851868	-1.420468857	0.614081979	21.78273392	23.47341156							16.675	16.669	16.102		1.690677643	5.113733917	-100	0.573	0.567
-1016868331	6.37545E+18	271.1918035	-1.136065052	0.669139147	21.69779587	22.52863121							16.105	15.409	14.981		0.830835342	6.288795868	-100	1.124	0.428
-1016868320	6.37545E+18	270.9758029	-1.1545829	0.595725477	20.26200676	25.37615967	-0.8	2.4	14.845	13.751	13.347	12.822	11.445	10.902	10.493		5.114152908	9.36000676	6.91500676	0.952	0.409
-1016868960	6.37545E+18	270.7329077	-0.283634596	0.443258792	21.20869064	99	-15.4	-26.9	15.491	14.501	14.105	13.803	12.952	11.945	11.816		-100	9.263690643	7.103690643	1.136	0.129
-1016868937	6.37545E+18	270.9690578	-0.292441493	0.413244188	18.62286186	19.77729988							14.989	14.406	14.165		1.154438019	4.216861862	-100	0.824	0.241
-1016868932	6.37545E+18	270.7892012	-0.305359543	0.439949542	22.1494503	99							13.692	13.085	12.787		-100	9.064450302	-100	0.905	0.298
-1016868925	6.37545E+18	270.5678417	-0.309659047	0.454076052	21.88020515	22.83234787	-1.1	1	17.12	16.054	15.939	16.004	14.158	13.832	13.613		0.952142715	8.048205154	5.941205154	0.545	0.219
-1016871151	6.37545E+18	272.4890496	1.128878073	0.543109119	20.50923157	23.93239212	-3.8	-0.7	14.241	12.935	12.409	11.799	10.195	9.632	9.412		3.423160553	10.87723157	8.100231567	0.783	0.22
-1016871100	6.37545E+18	272.4329624	1.006872111	0.570263267	21.69966125	22.33564949	5.3	-5.4	17.503	16.291	15.833	15.376	13.952	13.519	13.315		0.635988235	8.180661255	5.866661255	0.637	0.204
-1016871124	6.37545E+18	272.9902296	1.055870651	0.8000772	21.47934532	22.9899044	-4.1	-6.2	15.73	13.543	12.677	11.615	9.351	8.436	8.101		1.510559082	13.04334532	8.802345322	1.25	0.335
-1016871122	6.37545E+18	272.7873681	1.06749084	0.766819537	21.51065445	24.01818085	0.1	-5	13.721	12.105	11.469	10.703	8.915	8.245	7.993		2.507526398	13.26565445	10.04165445	0.922	0.252
-1016870949	6.37545E+18	273.1600853	0.667633478	0.752583563	18.82971954	22.96008873	-1.4	-0.6	13.7	12.868	12.589	12.318	11.055	10.908	10.687		4.130369186	7.921719543	6.240719543	0.368	0.221
-1016868892	6.37545E+18	270.7598691	-0.342590423	0.451924086	21.79964447	23.0402565							16.68	15.984	15.641		1.24061203	5.81564447	-100	1.039	0.343
-1016868881	6.37545E+18	270.8916173	-0.34274154	0.464265227	20.15019608	22.5099659	0.6	-27.3	12.657	11.422	10.957	10.494	8.806	8.164	8.053	1	2.359769821	11.98619608	9.193196075	0.753	0.111
-1016868857	6.37545E+18	270.7808092	-0.367669293	0.457499266	20.78972626	22.28792572	-1	-9.1	15.085	13.964	13.53	13.013	11.386	10.778	10.631		1.498199463	10.01172626	7.259726257	0.755	0.147
-1016876147	6.37545E+18	275.0902513	0.650839188	1.077688217	21.88306427	24.08230591							16.201	15.008	14.936		2.199241638	6.87506427	-100	1.265	0.072
-1016876116	6.37545E+18	274.8916221	0.528521105	0.993572831	21.54257774	24.30574226							16.631	17.221	15.695		2.76316452	4.321577744	-100	0.936	1.526
-1016829238	2.56522E+18	277.6612543	0.075288196	2.10306716	23.03415298	24.43445969							16.01	15.489	14.874		1.400306702	7.545152985	-100	1.136	0.615
-1016829189	2.56522E+18	278.0681743	-0.11721338	2.29716444	19.47107315	21.93759537							16.615	15.887	14.74		2.466522217	3.584073151	-100	1.875	1.147
-1016829172	2.56522E+18	277.9307028	-0.239291652	2.323605299	21.91263199	23.27634048							16.911	15.766	15.292		1.363708496	6.146631989	-100	1.619	0.474
-1016868008	6.37545E+18	274.0421524	0.918494578	0.901367366	20.98926926	23.09352112							15.676	14.417	14.24		2.104251862	6.572269257	-100	1.436	0.177
-1016867977	6.37545E+18	274.3210111	0.858997628	0.904459	22.2115097	99							16.316	15.844	15.485		-100	6.367509705	-100	0.831	0.359
-1016867956	6.37545E+18	273.7552913	0.812746647	0.76413101	22.1547718	23.21404266							16.845	16.162	16.111		1.059270859	5.992771805	-100	0.734	0.051
-1016868275	6.37545E+18	271.3497671	-1.269486849	0.745532215	20.20038795	24.13723755	-28.7	-4.2	10.972	9.407			6.351	5.566	5.346	1	3.936849594	14.63438795		1.005	0.22
-1016868244	6.37545E+18	271.4546928	-1.327183703	0.81981504	20.85795593	21.33663177							16.417	15.666	15.054		0.478675842	5.191955933	-100	1.363	0.612
-1016868200	6.37545E+18	271.5186396	-1.436948801	0.983616889	21.95817566	99							15.876	15.292	14.991		-100	6.666175659	-100	0.885	0.301
-1016868750	6.37545E+18	270.5555404	-0.4412484	0.528019845	21.70649147	22.72439575							15.588	15.01	14.814		1.017904282	6.69649147	-100	0.774	0.196
-1016868686	6.37545E+18	270.9476069	-0.488218106	0.503451824	21.98485374	99							16.076	15.307	15.066		-100	6.677853745	-100	1.01	0.241
-1016868676	6.37545E+18	270.4118829	-0.49098446	0.525339663	19.74652481	22.30537605	-7.5	-7.9	12.019	10.723	10.27	9.783	8.352	7.793	7.587	1	2.558851242	11.95352481	9.476524811	0.765	0.206
-1016876076	6.37545E+18	274.8742188	0.361922482	0.997502983	22.04980659	23.84384727							15.976	15.173	15.092		1.79404068	6.876806595	-100	0.884	0.081
-1016871042	6.37545E+18	272.6597532	0.853718687	0.645853817	22.01676559	99							16.35	15.646	15.284		-100	6.370765594	-100	1.066	0.362
-1016870941	6.37545E+18	272.6496913	0.633981839	0.544182181	21.2070961	23.77420807	-17	9.8	14.717	13.537	13.012	12.585	11.276	10.685	10.52		2.567111969	10.5220961	8.1950961	0.756	0.165
-1016870894	6.37545E+18	272.9587891	0.330321133	0.516329408	19.72276306	21.59038353							15.707	15.015	14.593		1.867620468	4.707763062	-100	1.114	0.422
-1016870715	6.37545E+18	272.8140756	0.409158425	0.594808638	21.52951431	22.54264641							16.555	16.078	15.666		1.013132095	5.451514313	-100	0.889	0.412
-1016870583	6.37545E+18	272.8703718	0.263556195	0.571427464	21.60745049	99	3.5	-3.5	16.298	15.008	14.514	13.988	12.388	11.789	11.648		-100	9.818450485	7.093450485	0.74	0.141
-1016867908	6.37545E+18	274.395351	0.735136063	0.950969577	20.70812225	21.85238647	-0.8	-0.4	17.047	14.873	13.842	12.262	9.439	8.268	7.931		1.144264221	12.44012225	6.866122253	1.508	0.337
-1016867869	6.37545E+18	273.7009287	0.673821448	0.725852013	21.58761406	22.71360016							15.152	14.363	14.166		1.125986099	7.224614059	-100	0.986	0.197
-1016867852	6.37545E+18	274.1232518	0.645091533	0.765728056	21.83810806	23.41621017							16.806	16.211	15.773		1.578102112	5.627108063	-100	1.033	0.438
-1016867820	6.37545E+18	273.899265	0.587335442	0.757672489	21.13165283	21.97490883	3	-1.5					14.33	13.919	13.715		0.843255997	7.212652832		0.615	0.204
-1016867803	6.37545E+18	273.7968335	0.561225387	0.698919952	21.35394287	21.84803581	4.2	-5.7	13.346	11.926	11.373	10.788	9.137	8.48	8.334		0.494092941	12.87394287	9.980942871	0.803	0.146
-1016868653	6.37545E+18	270.2997365	-0.523279771	0.481540054	21.75683022	24.60125542	-16.2	9.8	14.982	13.556	13.059	12.515	10.899	10.296	10.11		2.844425201	11.46083022	8.697830215	0.789	0.186
-1016868630	6.37545E+18	270.4851674	-0.544557587	0.552240193	21.61793327	99	11.8	-6.5					13.488	12.794	12.673		-100	8.823933273		0.815	0.121
-1016868613	6.37545E+18	270.8652883	-0.569853569	0.515790284	21.73348999	99							16.798	16.303	16.012		-100	5.43048999	-100	0.786	0.291
-1016868553	6.37545E+18	270.914995	-0.627332706	0.489699006	19.86670303	20.63602448	-6.6	-16.9	16.052	15.206	14.863	14.207	14.412	11.927	11.722		0.769321442	7.939703033	5.003703033	2.69	0.205
-1016875890	6.37545E+18	274.924974	-0.063199296	1.013823271	21.71658134	23.7799015	0.4	6	13.757	12.009	11.324	10.478	8.617	7.962	7.748	1	2.06332016	13.75458134	10.39258134	0.869	0.214
-1016875810	6.37545E+18	274.5445928	-0.231099207	0.852751613	21.51159286	24.84186554							15.686	15.126	14.769		3.330272675	6.385592865	-100	0.917	0.357
-1016868187	6.37545E+18	270.9732047	-1.466065829	0.710563719	21.66344833	25.55700874	-4	-32.4					12.587	12.013	11.874		3.89356041	9.650448334		0.713	0.139
-1016868160	6.37545E+18	271.2498365	-1.55584561	1.013405085	20.74825096	21.05795479							16.775	15.292	15.112		0.309703827	5.456250961	-100	1.663	0.18
-1016868155	6.37545E+18	271.5364243	-1.590458983	1.341668844	21.34957695	99	-2.7	5.8					13.12	12.29	12.084		-100	9.05957695		1.036	0.206
-1016868149	6.37545E+18	271.3597709	-1.628904884	1.317883134	21.34036446	23.99711609	-0.4	3.6	14.274	12.88	12.328	11.731	10.011	9.375	9.215		2.656751633	11.96536446	9.012364456	0.796	0.16
-1016868091	6.37545E+18	271.5573049	-1.953384489	1.423936605	21.98967934	99							14.399	13.68	13.398		-100	8.309679337	-100	1.001	0.282
-1016867630	6.37545E+18	271.7298386	-0.257903501	0.501028895	21.07169724	23.42506599	5.3	-11.8	13.524	11.985	11.42	10.784	9.028	8.396	8.185		2.353368759	12.67569724	9.651697235	0.843	0.211
-1016870848	6.37545E+18	272.5789785	0.566395573	0.526864111	20.39219093	19.18925667	-5.8	-6.9					13.338	12.675	12.464		-1.202934265	7.717190933		0.874	0.211
-1016870835	6.37545E+18	272.6327437	0.487332985	0.553701222	21.8511734	23.25198746							14.664	12.963	13.953		1.400814056	8.888173401	-100	0.711	-0.99
-1016870814	6.37545E+18	272.4749261	0.582321025	0.537769437	19.8572216	23.59144783	-5.6	-1	12.198	10.892	10.424	9.881	8.409	7.875	7.667	1	3.734226227	11.9822216	9.433221603	0.742	0.208
-1016870790	6.37545E+18	272.6272045	0.539729697	0.523794353	20.84133148	19.6988945	0.8	-4.9	16.747	15.111	14.422	13.759	11.973	11.306	11.026		-1.142436981	9.535331482	6.419331482	0.947	0.28
-1016875707	6.37545E+18	274.6110929	-0.593563393	0.912931502	21.81720543	22.99966431	3.1	-8.9	16.041	14.777	14.189	13.645	11.972	11.536	11.318		1.182458878	10.28120543	7.628205429	0.654	0.218
-1016846621	6.37545E+18	275.2129163	1.960102443	0.767226279	20.46506882	23.37513542	-1.2	-4.4	12.566	11.203	10.723	10.177	8.663	8.144	7.917	1	2.910066605	12.32106882	9.742068817	0.746	0.227
-1016868509	6.37545E+18	270.906538	-0.682060111	0.473766208	21.72250366	26.34711075							16.775	15.841	15.012		4.624607086	5.881503662	-100	1.763	0.829
-1016868483	6.37545E+18	270.8966113	-0.737778799	0.468883067	21.22838974	25.04645348	-3	-3.9	12.154	10.648	10.087	9.538	7.646	6.888	6.709	1	3.818063736	14.34038974	11.14138974	0.937	0.179
-1016868475	6.37545E+18	270.85291	-0.745275848	0.473893374	20.74117851	21.29742241							16.365	15.632	15.092		0.556243896	5.109178513	-100	1.273	0.54
-1016868441	6.37545E+18	270.9115199	-0.815262133	0.512135088	21.08879852	23.91886139	1.6	-4.5	15.672	14.706	14.411	14.107	12.839	12.465	12.099		2.830062866	8.623798523	6.677798523	0.74	0.366
-1016868421	6.37545E+18	270.9637762	-0.889153759	0.53888613	21.57729912	23.61969948	-1.5	-1.6					14.754	14.468	14.205		2.04240036	7.109299118		0.549	0.263
-1016868308	6.37545E+18	270.9695448	-1.19098092	0.586985111	21.64980888	27.92289925							14.811	14.234	13.974		6.273090363	7.415808884	-100	0.837	0.26
-1016868253	6.37545E+18	270.9621639	-1.305533537	0.63002193	20.93060875	22.20042801							8.749	8.146	7.962		1.26981926	12.78460875	-100	0.787	0.184
-1016868166	6.37545E+18	270.9379142	-1.533123147	0.759393632	20.98191452	22.00017738	4.9	-0.7	13.668	12.208	11.649	11.076	9.344	8.74	8.551		1.018262863	12.24191452	9.33291452	0.793	0.189
-1016866207	6.37545E+18	270.5993893	-0.779215419	0.578825235	21.54061317	22.53763008	0.5	-24.8					13.238	12.662	12.504		0.997016907	8.878613174		0.734	0.158
-1016870541	6.37545E+18	272.7453949	0.223541558	0.593346953	21.4030304	23.67236137	4.5	8.7	13.475	11.872	11.298	10.61	8.894	8.216	7.981		2.269330978	13.1870304	10.1050304	0.913	0.235
-1016870528	6.37545E+18	272.8756025	0.213191838	0.58978796	20.31219673	22.38717842	-18.5	-24.2	12.227	10.86	10.375	9.774	8.244	7.646	7.413	1	2.074981689	12.66619673	9.937196732	0.831	0.233
-1016870451	6.37545E+18	272.872234	0.12009582	0.620310366	20.51844025	21.65822792	8.6	5.3	12.7	11.233	10.673	10.003	8.388	7.766	7.571	1	1.139787674	12.75244025	9.845440247	0.817	0.195
-1016870441	6.37545E+18	272.7584209	0.10310794	0.65413928	20.53630829	20.66740608	7	-6.4	16.29	15.413	15.017	14.563	13.512	12.919	12.734		0.131097794	7.617308289	5.519308289	0.778	0.185
-1016870309	6.37545E+18	272.7493182	-0.058807097	0.634303153	20.79515266	21.20346832	-6.2	-12	16.734	16.322	16.095	15.971	14.811	14.682	14.468		0.408315659	6.113152664	4.700152664	0.343	0.214
-1016868053	6.37545E+18	273.6479318	1.056334951	0.745589912	21.64008713	22.47203636	8.6	4	15.372	14.163	13.588	13.16	11.785	11.142	10.993		0.831949234	10.49808713	8.052087128	0.792	0.149
-1016868038	6.37545E+18	273.5993052	1.010259135	0.775381565	22.00631142	22.30950928							15.871	15.333	15.031		0.303197861	6.673311417	-100	0.84	0.302
-1016868020	6.37545E+18	273.5237569	0.955536512	0.842811823	22.05809784	99							16.087	15.444	15.164		-100	6.614097839	-100	0.923	0.28
-1016867988	6.37545E+18	273.5017529	0.881150957	0.833456695	22.13875961	99							16.959	16.017	15.515		-100	6.121759613	-100	1.444	0.502
-1016867948	6.37545E+18	273.613096	0.794899411	0.82944876	21.16266441	22.48112679	1	-1.9	16.464	15.391	14.982	14.455	13.091	12.744	12.543		1.318462372	8.418664413	6.180664413	0.548	0.201
-1016867716	6.37545E+18	274.3310307	0.389294396	0.844412565	21.25227547	24.85804939	-3.6	-1.6	13.078	11.537	10.937	10.242	8.527	7.916	7.648	1	3.605773926	13.33627547	10.31527547	0.879	0.268
-1016867707	6.37545E+18	274.0536809	0.359503105	0.78823787	21.58730698	23.85554695							16.477	15.713	15.684		2.268239975	5.874306976	-100	0.793	0.029
-1016867543	6.37545E+18	271.6752386	-0.324552235	0.537044764	21.39303398	23.67533875	-13.1	-10.5	17.878	17.02			14.799	14.468	14.213		2.282304764	6.925033981		0.586	0.255
-1016867522	6.37545E+18	271.7386059	-0.344388153	0.542078674	22.01075172	22.81487656	10.7	11.1					15	14.555	14.204		0.804124832	7.455751724		0.796	0.351
-1016867463	6.37545E+18	271.6469625	-0.402878179	0.559232712	21.74447441	24.79247665							16.066	15.847	15.557		3.048002243	5.897474411	-100	0.509	0.29
-1016867443	6.37545E+18	271.6891559	-0.423742259	0.565434933	22.08681488	99	8.1	-11.5					13.358	12.727	12.586		-100	9.35981488		0.772	0.141
-1016867435	6.37545E+18	271.6156573	-0.426134129	0.528618932	21.77161789	99							16.899	16.428	15.625		-100	5.343617889	-100	1.274	0.803
-1016867408	6.37545E+18	271.550893	-0.458705163	0.482267141	21.80572891	24.19107437							16.259	15.895	15.163		2.385345459	5.910728912	-100	1.096	0.732
-1016846229	6.37545E+18	274.7107735	1.999078646	0.723815084	22.42103195	99							15.213	14.575	14.364		-100	7.846031952	-100	0.849	0.211
-1016866118	6.37545E+18	270.3124218	-0.906709636	0.50645256	20.49502182	23.85221863			12.817	11.529	10.957	10.401	9.139	8.342	8.347		3.357196808	12.15302182	9.53802182	0.792	-0.005
-1016866093	6.37545E+18	270.7799019	-0.940616199	0.578027606	22.04194069	22.80675888	-1.1	-7.2					12.896	12.075	11.931		0.764818192	9.966940689		0.965	0.144
-1016870773	6.37545E+18	272.0276322	0.480481166	0.494831592	19.42741966	19.26820374							14.665	14.009	13.717		-0.159215927	5.418419662	-100	0.948	0.292
-1016870767	6.37545E+18	272.4260967	0.467400592	0.538050294	20.02737808	22.26844788	8.4	-2.3	12.82	11.424	10.898	10.293	8.733	8.126	7.943	1	2.241069794	11.90137808	9.129378082	0.79	0.183
-1016870722	6.37545E+18	272.7275484	0.418039586	0.60978055	21.56586075	23.99688721	-0.5	1.5	12.676	11.24	10.696	10.029	8.471	7.832	7.633	1	2.431026459	13.73386075	10.86986075	0.838	0.199
-1016845932	6.37545E+18	274.5353008	1.345547952	0.97276628	22.1967659	22.48007202							15.859	15.265	15		0.283306122	6.9317659	-100	0.859	0.265
-1016845908	6.37545E+18	274.5781139	1.293996219	0.970145822	19.9308567	19.88535309	2.3	-5	15.716	14.551	14.11	13.577	12.295	11.703	11.581		-0.045503616	8.227856705	5.820856705	0.714	0.122
-1016845858	6.37545E+18	274.8097247	1.144726805	0.930798531	22.35796356	99	-6.1	0.1					13.714	13.109	12.924		-100	9.248963562		0.79	0.185
-1016845851	6.37545E+18	274.729067	1.123359922	0.921863794	21.23835754	21.73448181	1.3	-6.8	15.847	14.682	14.265	13.704	12.296	11.973	11.765		0.496124268	9.265357544	6.973357544	0.531	0.208
-1016867813	6.37545E+18	273.5800993	0.578093439	0.650014579	21.83259773	21.93366814							16.197	15.515	15.484		0.101070404	6.317597733	-100	0.713	0.031
-1016866975	6.37545E+18	273.3698848	0.506251779	0.695689499	21.97493935	99							14.784	14.039	13.917		-100	7.935939346	-100	0.867	0.122
-1016866974	6.37545E+18	273.4403989	0.515203141	0.687681198	19.74312973	21.95227051	-12.1	-13.5	11.862	10.519	10.027	9.552	7.986	7.403	7.213	1	2.209140778	12.34012973	9.71612973	0.773	0.19
-1016867700	6.37545E+18	274.0367007	0.330127428	0.794717073	20.88812828	23.88059044	23.5	45.9	12.777	11.317	10.667	9.77	8.118	7.479	7.243	1	2.992462158	13.40912828	10.22112828	0.875	0.236
-1016867695	6.37545E+18	274.0567375	0.316336413	0.794717073	21.77243805	23.40219116	3.7	-4.8	14.06	12.463	11.826	11.111	9.331	8.591	8.392		1.629753113	13.18143805	9.946438049	0.939	0.199
-1016866801	6.37545E+18	273.7624921	0.25645342	0.635128736	21.37927437	25.15208054	-1.4	-4.8	16.286	15.63	15.417	14.967	13.837	13.652	13.448		3.772806168	7.727274368	5.962274368	0.389	0.204
-1016866052	6.37545E+18	270.2569622	-0.984191123	0.506366074	20.89985466	21.47208595	-4.4	-5.1	14.228	12.912	12.449	11.891	10.313	9.688	9.514		0.572231293	11.21185466	8.45085466	0.799	0.174
-1016866042	6.37545E+18	270.5128584	-0.991976868	0.566749156	20.13710976	20.01459312							15.327	14.627	14.582		-0.122516632	5.510109756	-100	0.745	0.045
-1016866033	6.37545E+18	270.5345281	-1.001585721	0.566749156	20.29453659	24.2614212	-8.4	-10.4	12.83	11.501	11.042	10.495	8.81	8.18	8.052	1	3.966884613	12.11453659	9.252536591	0.758	0.128
-1016865957	6.37545E+18	270.8031149	-1.122090234	0.629192173	21.92899132	22.78447342							15.373	14.82	14.642		0.855482101	7.108991318	-100	0.731	0.178
-1016867392	6.37545E+18	271.5631939	-0.472686087	0.525849283	21.73958206	23.5459671	-5.2	-10.3	13.584	12.159	11.637	11.098	9.403	8.79	8.511		1.80638504	12.94958206	10.10258206	0.892	0.279
-1016867358	6.37545E+18	271.5331497	-0.498217554	0.502575278	21.75397682	99	44.2	4.2					14.762	14.173	14.037		-100	7.580976822		0.725	0.136
-1016867346	6.37545E+18	271.5310603	-0.445764777	0.482267141	14.04818916	19.24890327	-22	-12.2	7.641	6.458			4.801	4.163	3.981	1	5.200714111	9.885189163		0.82	0.182
-1016870683	6.37545E+18	272.0563292	0.379139222	0.486634165	21.515131	23.909235	3.7	1.5	13.7	12.421	11.948	11.372	10.101	9.473	9.314		2.394104004	12.042131	9.567130997	0.787	0.159
-1016870668	6.37545E+18	271.8880879	0.35389585	0.46327889	21.97588348	99							15.14	14.634	14.368		-100	7.341883484	-100	0.772	0.266
-1016870660	6.37545E+18	272.021912	0.349514241	0.488566816	21.63521576	99							16.139	15.34	13.87		-100	6.295215759	-100	2.269	1.47
-1016870647	6.37545E+18	272.4432745	0.343397262	0.523803651	20.45380402	22.72257614	-2	-6.2	14.329	13.12	12.667	12.135	10.694	10.208	10.001		2.268772125	10.24580402	7.786804016	0.693	0.207
-1016870644	6.37545E+18	271.8955457	0.330760417	0.46327889	22.07350731	24.03556824	-4.6	-12					14.226	13.836	13.625		1.962060928	8.237507309		0.601	0.211
-1016870617	6.37545E+18	272.1182972	0.304129029	0.526881635	20.65012932	22.55929947	6	0.2					14.84	14.758	14.53		1.909170151	5.892129318		0.31	0.228
-1016865901	6.37545E+18	270.5529399	-1.181241768	0.544850349	19.77718163	22.88232803	5.4	2.7	12.56	11.167	10.674	10.082	8.534	7.946	7.761	1	3.105146408	11.83118163	9.103181625	0.773	0.185
-1016865837	6.37545E+18	270.353829	-1.258360519	0.55756253	21.41929245	23.76152039							16.405	16.119	15.5		2.342227936	5.30029245	-100	0.905	0.619
-1016865810	6.37545E+18	270.8144775	-1.275270489	0.575001955	21.44246864	25.12755394	-22.1	-6.7					14.572	14.007	13.824		3.685085297	7.435468643		0.748	0.183
-1016865793	6.37545E+18	270.3543496	-1.302271078	0.568643808	20.8352356	24.1964283	-0.1	3.1	14.53	13.139	12.624	11.915	10.309	9.714	9.54		3.361192703	11.1212356	8.211235596	0.769	0.174
-1016866929	6.37545E+18	273.606351	0.406603499	0.631851733	20.20542336	22.31202126	0.7	-13.1	11.103	9.31			5.884	5.13	4.848	1	2.1065979	15.07542336		1.036	0.282
-1016866924	6.37545E+18	273.4975192	0.409866491	0.649712086	21.64720154	99	26.7	-9.6	16.592	15.33	14.787	14.252	12.578	11.877	11.695		-100	9.770201538	6.860201538	0.883	0.182
-1016866869	6.37545E+18	273.4540467	0.323730158	0.659942746	22.0351429	22.91681671	3.7	-3.7	16.332	14.51	13.749	12.934	10.774	9.824	9.58		0.881673813	12.2111429	8.286142899	1.194	0.244
-1016866847	6.37545E+18	273.6096697	0.301629529	0.638680756	21.95329857	99							16.778	15.955	15.595		-100	5.998298569	-100	1.183	0.36
-1016866571	6.37545E+18	273.8305346	0.04019046	0.724453926	18.34135056	22.59959602	3.9	-20	11.36	9.93	9.37	8.798	7.218	6.517	6.303	1	4.258245468	11.82435056	8.971350555	0.915	0.214
-1016866523	6.37545E+18	273.682338	-0.056236003	0.698480606	20.40223503	20.13213921							15.479	14.77	14.714		-0.270095825	5.632235031	-100	0.765	0.056
-1016867260	6.37545E+18	271.5479199	-0.616697093	0.570989668	21.77940369	99							14.45	13.738	13.495		-100	8.041403687	-100	0.955	0.243
-1016867218	6.37545E+18	271.678601	-0.682199472	0.632428288	21.90027237	23.97146797	4.4	-5.5					13.817	13.266	13.088		2.071195602	8.634272369		0.729	0.178
-1016867146	6.37545E+18	271.7098483	-0.792284567	0.674467802	22.12157822	99							14.433	13.71	13.492		-100	8.411578217	-100	0.941	0.218
-1016867144	6.37545E+18	271.6238101	-0.795801518	0.653475046	21.86260796	22.22824478							15.044	14.362	14.263		0.365636826	7.500607956	-100	0.781	0.099
-1016865774	6.37545E+18	270.2025238	-1.322501911	0.575858116	20.67321014	99	-3.1	-14.8	14.598	13.198	12.884	12.482	11.456	10.99	10.708		-100	9.683210144	7.789210144	0.748	0.282
-1016865721	6.37545E+18	270.5872762	-1.409122927	0.545921028	20.90161133	21.47844315							15.97	15.985	15.421		0.576831818	4.916611328	-100	0.549	0.564
-1016865714	6.37545E+18	270.6551428	-1.429206989	0.588020682	21.43379974	24.49390793	-5.2	-4.9	13.755	11.889	11.268	10.625	8.797	7.992	7.759		3.060108185	13.44179974	10.16579974	1.038	0.233
-1016865687	6.37545E+18	270.7973748	-1.460211154	0.653656185	21.92500305	22.75701523							16.341	16.286	15.799		0.832012177	5.639003052	-100	0.542	0.487
-1016870584	6.37545E+18	271.9156157	0.265457612	0.460615396	21.76292229	22.90353394	-0.9	9.8	16.455	15.446	15.128	14.717	13.598	13.074	12.811		1.140611649	8.688922287	6.634922287	0.787	0.263
-1016870576	6.37545E+18	272.1161024	0.253577495	0.545343697	21.77121544	99	-19.3	1.7	15.978	14.769	14.333	13.714	12.928	12.405	12.226		-100	9.366215439	7.438215439	0.702	0.179
-1016870574	6.37545E+18	272.3617098	0.253603363	0.519920468	21.5307579	24.64815903	0.4	-6.1					14.269	13.829	13.617		3.117401123	7.701757904		0.652	0.212
-1016870531	6.37545E+18	272.4957394	0.210960958	0.55742681	21.91677856	99							14.756	14.078	13.836		-100	7.838778564	-100	0.92	0.242
-1016870518	6.37545E+18	272.5786803	0.193661215	0.585879922	21.39250755	23.02372169	1.4	-2.3	17.443	16.5	16.239		14.929	14.622	14.386		1.631214142	6.770507553	5.153507553	0.543	0.236
-1016870501	6.37545E+18	272.1272672	0.181739313	0.561599314	21.6331749	23.61789131	-6.3	-1.9	15.789	14.552	14.094	13.536	12.008	11.376	11.211	1	1.984716415	10.2571749	7.539174896	0.797	0.165
-1016866844	6.37545E+18	273.2002607	0.297502075	0.607723236	22.10313034	99							16.034	15.395	15.223		-100	6.708130341	-100	0.811	0.172
-1016866821	6.37545E+18	273.0262272	0.279442204	0.504261136	21.77704239	22.94481277	1.3	-11.7					13.562	13.153	12.929		1.167770386	8.624042389		0.633	0.224
-1016866792	6.37545E+18	273.0644346	0.238136799	0.516960979	21.76973152	22.85369492	-8.7	2.8	13.8	12.406	11.886	11.305	9.705	9.008	8.858		1.083963394	12.76173152	9.883731522	0.847	0.15
-1016866776	6.37545E+18	273.4578716	0.221045969	0.664801002	21.22567749	22.21334648	9.8	16.2	16.656	15.152	14.601		12.369	11.758	11.617		0.987668991	9.46767749	6.62467749	0.752	0.141
-1016866750	6.37545E+18	273.1517048	0.188114992	0.59479022	21.85403252	25.15568161	2.2	-0.1	15.947	14.971	14.646	14.216	12.936	12.625	12.412		3.301649094	9.229032516	7.208032516	0.524	0.213
-1016866341	6.37545E+18	273.747814	-0.30053827	0.816749692	21.47882462	21.29244804	-17.7	-16.3					13.357	11.902	11.745		-0.186376572	9.576824615		1.612	0.157
-1016866335	6.37545E+18	273.7184305	-0.317236047	0.795178592	22.14365005	30.197052							16.155	15.406	15.242		8.053401947	6.737650055	-100	0.913	0.164
-1016866328	6.37545E+18	273.7794813	-0.314550651	0.842432141	18.09624481	17.56760788	-0.6	-3.9	14.116	12.3	11.224	9.155	5.907	4.865	4.395	1	-0.528636932	13.23124481	6.872244812	1.512	0.47
-1016865641	6.37545E+18	270.2389968	-1.514790843	0.642995715	21.82588387	23.09869957	-0.1	7.8	14.898	13.493	13.06	12.722	11.295	10.683	10.528		1.272815704	11.14288387	8.765883865	0.767	0.155
-1016865632	6.37545E+18	270.5014194	-1.5188382	0.616972446	19.52503395	18.98939133							13.761	13.022	12.81		-0.535642624	6.503033951	-100	0.951	0.212
-1016865594	6.37545E+18	270.3542327	-1.604973685	0.66062963	21.45999527	24.72087479							16.69	16.164	15.69		3.260879517	5.29599527	-100	1	0.474
-1016867063	6.37545E+18	271.6080355	-0.990386411	0.769872069	21.53170586	22.29532623			14.389	13.026	12.489	11.675	10.161	9.451	9.281		0.763620377	12.08070586	9.042705856	0.88	0.17
-1016861000	6.37545E+18	271.1726799	-1.638751551	1.051132917	21.43694496	23.28183746	0.1	9.1	15.307	14.103			11.052	10.207	9.863		1.844892502	11.22994496		1.189	0.344
-1016860989	6.37545E+18	271.1925633	-1.78931211	1.173693419	21.60614777	99							15.736	15.045	14.673		-100	6.561147766	-100	1.063	0.372
-1016860987	6.37545E+18	271.3741173	-1.780054279	1.263215423	22.04405594	24.9620533	1.2	-2	14.761	13.047	12.314	11.429	9.249	8.467	8.231		2.91799736	13.57705594	9.730055939	1.018	0.236
-1016860946	6.37545E+18	271.0902905	-1.91256747	1.098077178	20.93421936	21.19491005	-0.7	8.6	16.661	15.134	14.419	13.695	11.63	10.956	10.757		0.260690689	9.97821936	6.51521936	0.873	0.199
-1016865558	6.37545E+18	270.3425873	-1.699231575	0.658328474	21.49481392	23.05910492	-33.2	-11	14.35	12.739	12.47	11.995	10.633	10.046	9.86		1.564291	11.44881392	9.024813919	0.773	0.186
-1016861011	6.37545E+18	270.9069828	-1.645741191	0.830766857	21.4220829	22.64881134	-2.7	1	16.233	15.241	14.776	14.529	13.024	12.719	12.506		1.226728439	8.703082901	6.646082901	0.518	0.213
-1016860928	6.37545E+18	270.6399048	-1.965321236	0.773465991	21.53817177	22.80940056							16.676	15.716	15.497		1.27122879	5.822171768	-100	1.179	0.219
-1016860925	6.37545E+18	270.9431406	-1.973879914	1.026241422	21.06547546	22.0879097	3.4	1.7	15.253	14.124	13.667	13.211	11.636	11.293	11.068		1.022434235	9.772475464	7.398475464	0.568	0.225
-1016870482	6.37545E+18	272.1676687	0.157507476	0.567362487	20.11502647	20.72119331							13.842	13.224	13.05		0.60616684	6.891026474	-100	0.792	0.174
-1016870463	6.37545E+18	272.0589859	0.128883451	0.556016505	21.49931908	23.03822517							15.709	15.421	15.165		1.538906097	6.078319077	-100	0.544	0.256
-1016870447	6.37545E+18	272.2161791	0.1148653	0.567148685	21.59955978	23.24394226							15.719	15.367	14.934		1.644382477	6.232559784	-100	0.785	0.433
-1016870410	6.37545E+18	272.3137278	0.048839144	0.623671293	21.75685883	22.73477936							16.582	16.7	15.94		0.977920532	5.056858826	-100	0.642	0.76
-1016866723	6.37545E+18	273.1257694	0.174106881	0.580321014	21.70944786	22.17391777							16.382	15.796	14.927		0.46446991	5.913447861	-100	1.455	0.869
-1016866711	6.37545E+18	273.6198068	0.160240387	0.665836871	21.27904701	24.07164764	-10.5	-5	13.203	11.681	11.078	10.485	8.638	7.972	7.825		2.792600632	13.30704701	10.20104701	0.813	0.147
-1016866659	6.37545E+18	273.2657464	0.102429465	0.643125951	21.33843613	21.92019272							15.532	14.167	13.28		0.581756592	7.171436127	-100	2.252	0.887
-1016866623	6.37545E+18	273.0253019	0.062737687	0.590108633	22.00633621	23.47743225							16.292	15.846	15.54		1.471096039	6.160336212	-100	0.752	0.306
-1016866615	6.37545E+18	273.6350014	0.057231782	0.693581104	21.61670113	22.75247765							15.13	14.871	14.498		1.13577652	6.745701126	-100	0.632	0.373
-1016846153	6.37545E+18	273.9846808	1.821998699	0.619537413	22.43791962	23.11686325							14.77	14.257	14.035		0.678943634	8.180919617	-100	0.735	0.222
-1016846151	6.37545E+18	274.3312467	1.821532858	0.739426076	22.37523651	24.56959724							16.736	15.968	16.016		2.194360733	6.407236511	-100	0.72	-0.048
-1016846148	6.37545E+18	274.0544176	1.814100934	0.618018091	21.98929596	23.23700714	-3.2	11.3					13.527	13.131	12.906		1.247711182	8.858295959		0.621	0.225
-1016846121	6.37545E+18	274.0113839	1.751379361	0.684769094	21.03551865	21.59099197	67.4	-6.9	16.987	15.969	15.564		13.69	12.988	12.763		0.555473328	8.047518646	5.471518646	0.927	0.225
-1016860903	6.37545E+18	270.7469617	-2.040132257	0.951337576	21.86809921	24.76493645	-0.7	14.3	15.949	14.615			12.264	11.799	11.597		2.896837234	10.06909921		0.667	0.202
-1016860879	6.37545E+18	270.4841551	-2.134844915	0.754997194	20.46092987	24.07600403	-2	-16.4	11.187	9.464		8.334	6.725	6.011	5.799	1	3.615074158	14.44992987		0.926	0.212
-1016860859	6.37545E+18	270.3850801	-2.209883613	0.757037342	21.17077446	21.92306519							16.249	15.541	15.411		0.752290726	5.62977446	-100	0.838	0.13
-1016860845	6.37545E+18	270.6798064	-2.245446215	0.89072907	22.18123627	23.06364059	8.9	2.6					12.435	11.682	11.436		0.882404327	10.49923627		0.999	0.246
-1016860832	6.37545E+18	270.7798115	-2.309301348	0.925447702	22.16692352	99							16.029	15.441	15.322		-100	6.725923523	-100	0.707	0.119
-1016860887	6.37545E+18	271.5368718	-2.100880533	1.35458684	22.2377243	99							15.996	15.143	14.955		-100	7.094724304	-100	1.041	0.188
-1016860838	6.37545E+18	271.507333	-2.287981918	1.358445644	21.68507576	99							15.864	15.308	15.02		-100	6.37707576	-100	0.844	0.288
-1016860820	6.37545E+18	271.3124343	-2.353949104	1.389742494	21.61075592	24.75143623	0.1	0	15.875	14.472	13.904	13.125	11.269	10.865	10.638		3.140680313	10.74575592	7.70675592	0.631	0.227
-1016870372	6.37545E+18	271.8697651	0.016468971	0.502896667	19.70015907	22.01491165	-16.7	-6.5	11.882	10.626	10.183	9.661	8.239	7.617	7.446	1	2.314752579	12.08315907	9.517159073	0.793	0.171
-1016870351	6.37545E+18	272.5650262	-0.011144299	0.642744601	21.60241508	99							14.536	13.708	13.58		-100	7.894415085	-100	0.956	0.128
-1016870324	6.37545E+18	272.7042423	-0.041910532	0.632847011	21.29007721	22.51639366	-3.1	47.8	14.234	12.685	12.091	11.4	10.246	9.489	9.255		1.226316452	11.80107721	9.199077209	0.991	0.234
-1016870318	6.37545E+18	272.1291372	-0.054007976	0.57622683	21.3738327	22.04755783	-34.2	11.5	17.132	15.984	15.523	15.006	14.051	13.48	13.303		0.673725128	7.893832703	5.850832703	0.748	0.177
-1016866581	6.37545E+18	272.959338	0.017645171	0.600313425	20.93813705	23.02499008	-28.8	-28.2	12.921	11.568	11.075	10.567	9.119	8.517	8.33		2.086853027	12.42113705	9.863137054	0.789	0.187
-1016866556	6.37545E+18	272.9670808	-0.001379753	0.620891571	21.67941093	24.59643555	-0.2	-4.2	16.618	15.105	14.369		13.077	12.623	12.329		2.917024612	9.056410934	7.310410934	0.748	0.294
-1016866527	6.37545E+18	272.9602554	-0.05833171	0.628333032	22.14943314	99							16.357	15.815	15.242		-100	6.334433136	-100	1.115	0.573
-1016866504	6.37545E+18	272.8679155	-0.082509022	0.627334833	21.14003372	99							15.539	14.865	14.737		-100	6.275033722	-100	0.802	0.128
-1016866489	6.37545E+18	273.5139583	-0.102721006	0.712558091	21.97857666	99							15.698	14.832	14.517		-100	7.14657666	-100	1.181	0.315
-1016846038	6.37545E+18	274.3219441	1.570079792	0.769966006	21.54423141	23.14113235	-3.6	1.2	12.878	11.272	10.712	10.079	8.283	7.591	7.423	1	1.59690094	13.95323141	10.83223141	0.86	0.168
-1016845985	6.37545E+18	274.0456033	1.459300403	0.797964334	20.62308884	23.1891098	8.9	-15.8	13.032	11.439	10.871	10.219	8.374	7.745	7.542	1	2.566020966	12.87808884	9.752088837	0.832	0.203
-1016856754	6.37542E+18	271.2296303	0.797321455	0.432509422	20.46097565	24.48446655	8	-20.3	12.077	10.698	10.199	9.69	8.081	7.491	7.258	1	4.023490906	12.96997565	10.26197565	0.823	0.233
-1016856752	6.37542E+18	271.1888244	0.754424642	0.425973445	21.24085808	23.54097748	-12.1	-22.1	12.794	11.463	10.966	10.429	8.804	8.175	7.997	1	2.3001194	13.06585808	10.27485808	0.807	0.178
-1016856722	6.37542E+18	271.4653822	0.668359618	0.434557021	21.62725449	22.39782333							16.303	15.284	14.132	1	0.770568848	6.343254486	-100	2.171	1.152
-1016856713	6.37542E+18	271.6010854	0.704563118	0.449911773	20.5168705	23.09502602	-2.3	0.2	13.656	12.368	11.883	11.34	9.813	9.176	9.017		2.578155518	11.3408705	8.633870499	0.796	0.159
-1016856711	6.37542E+18	271.3109659	0.722258707	0.417908102	21.67379189	22.77787018							15.44	15.072	14.835		1.104078293	6.601791885	-100	0.605	0.237
-1016856710	6.37542E+18	271.212062	0.732454187	0.415924281	21.86135674	22.4131794	-2	-7.5	16.411	15.089	14.574	13.922	12.3	11.66	11.505		0.551822662	10.20135674	7.287356735	0.795	0.155
-1016856691	6.37542E+18	271.2169127	0.726474181	0.415924281	20.82748985	21.94406128	-4.2	-20.3	13.262	12.013	11.55	11.039	9.429	8.827	8.669	1	1.116571426	12.00048985	9.277489853	0.76	0.158
-1016856686	6.37542E+18	271.4665188	0.615093006	0.436673582	21.57866287	22.7373333							16.361	15.914	15.28		1.158670425	5.664662872	-100	1.081	0.634
-1016856681	6.37542E+18	271.352137	0.624983712	0.430865198	21.42862892	99							15.126	14.619	14.409		-100	6.809628922	-100	0.717	0.21
-1016856478	6.37542E+18	270.7717429	0.423737856	0.425309271	21.18309402	23.53187561							16.043	15.598	15.016		2.348781586	5.585094025	-100	1.027	0.582
-1016856143	6.37542E+18	270.9241302	0.099329092	0.407960236	20.2043705	20.73995209	-0.4	-7					15.321	15.188	14.923		0.535581589	5.016370499		0.398	0.265
-1016845947	6.37545E+18	274.1163767	1.374023868	0.73284477	21.79403305	22.83677101	-9.5	-11.9					14.311	14.012	13.761		1.042737961	7.782033051		0.55	0.251
-1016845913	6.37545E+18	274.4317955	1.298141655	0.91875416	22.30235863	23.80536461	5.9	-1.5	16.126	14.418	13.779	12.899	11.023	10.345	10.111		1.503005981	11.95735863	8.523358627	0.912	0.234
-1016845900	6.37545E+18	274.1784376	1.279936764	0.738510847	18.27280998	22.86077881	1.1	-6.2	12.417	11.2	10.731	10.166	8.682	8.118	7.899	1	4.587968826	10.15480998	7.541809982	0.783	0.219
-1016845837	6.37545E+18	274.0771844	1.078832855	0.85090518	21.5043602	21.95201111							16.174	16.059	15.736		0.447650909	5.445360199	-100	0.438	0.323
-1016856670	6.37542E+18	271.225607	0.750823288	0.415924281	21.4744873	22.13707733	2.8	-13	13.578	12.261	11.764	11.172	9.488	8.831	8.635		0.662590027	12.6434873	9.710487305	0.853	0.196
-1016856658	6.37542E+18	271.2034524	0.72973949	0.413176209	21.58427048	23.03191376							16.391	15.502	15.473		1.44764328	6.082270477	-100	0.918	0.029
-1016856610	6.37542E+18	271.6910447	0.568223541	0.455068141	20.71931267	22.47046661							16.362	16.065	15.548		1.751153946	4.654312668	-100	0.814	0.517
-1016866451	6.37545E+18	272.9330005	-0.149528868	0.654704273	20.0050869	23.73669052	-8.4	-34.6	11.263	9.891	9.422	8.855	7.372	6.713	6.542	1	3.731603622	13.2920869	10.5830869	0.83	0.171
-1016866425	6.37545E+18	273.2096397	-0.176918006	0.735009015	21.03164101	24.02341843	-1	1.9	12.894	11.343	10.791	10.278	8.426	7.779	7.572	1	2.99177742	13.25264101	10.24064101	0.854	0.207
-1016866419	6.37545E+18	273.142744	-0.18835991	0.746945441	21.37191582	99							15.675	15.211	14.844		-100	6.160915817	-100	0.831	0.367
-1016866392	6.37545E+18	272.9064389	-0.202593835	0.65469718	21.31182289	24.14556885	-4.6	-7.2	16.316	15.619			13.574	13.31	13.107		2.833745956	8.001822891		0.467	0.203
-1016866388	6.37545E+18	273.0021377	-0.230840176	0.674862802	22.078125	99							16.278	15.413	14.987		-100	6.665125	-100	1.291	0.426
-1016845823	6.37545E+18	274.1901969	1.019619759	0.979853868	20.01455116	22.72256851	-12.2	-28.7	12.993	11.712	11.152	10.566	9.104	8.51	8.308	1	2.708017349	11.50455116	8.862551163	0.796	0.202
-1016845818	6.37545E+18	274.4922096	1.002979889	0.907495022	21.28572273	22.68852615	-2.5	-6.9					14.14	13.543	13.369		1.402803421	7.742722733		0.771	0.174
-1016845813	6.37545E+18	274.4120211	0.959643125	0.897953987	22.04325104	24.78524399							15.58	15.262	15.058		2.74199295	6.781251038	-100	0.522	0.204
-1016845812	6.37545E+18	274.3356086	0.958346524	0.907547891	21.11144066	22.26045418							16.839	16.175	15.6		1.149013519	4.936440659	-100	1.239	0.575
-1016856067	6.37542E+18	270.840925	0.037006013	0.352683306	20.12895012	19.16156769							14.975	14.21	14.199		-0.967382431	5.918950119	-100	0.776	0.011
-1016855983	6.37542E+18	270.8596484	-0.043923716	0.341111958	22.12235069	99							15.741	15.048	14.754		-100	7.074350693	-100	0.987	0.294
-1016870288	6.37545E+18	272.2286742	-0.065501948	0.636160851	19.98036194	21.99345398	-9.9	4.3					13.852	13.736	13.53		2.013092041	6.244361938		0.322	0.206
-1016870287	6.37545E+18	272.1208471	-0.081618294	0.609333217	21.864748	24.66307831	0.1	-4.4					13.459	12.761	12.614		2.798330307	9.103748001		0.845	0.147
-1016870277	6.37545E+18	272.5706619	-0.090356934	0.631785572	21.14048004	21.31606102	-4.4	-13.1					13.757	13.037	12.87		0.175580978	8.103480042		0.887	0.167
-1016870265	6.37545E+18	272.5906559	-0.096391065	0.631785572	21.38230515	22.61283493							15.031	14.653	14.385		1.230529785	6.729305145	-100	0.646	0.268
-1016856571	6.37542E+18	271.5926923	0.519564168	0.440485179	21.07471848	21.49484825							16.004	16.695	16.361		0.420129776	4.379718475	-100	-0.357	0.334
-1016856559	6.37542E+18	271.5389198	0.503868184	0.438494951	21.77718163	24.62471008	3.1	-20.5	13.197	11.886	11.41	10.884	9.4	8.711	8.574		2.847528458	13.06618163	10.36718163	0.826	0.137
-1016856549	6.37542E+18	271.5053058	0.490127472	0.434524894	21.35715294	21.86569977	-14.6	-5	15.975	15.139	14.837	14.575	13.64	13.315	13.092		0.508546829	8.042152939	6.520152939	0.548	0.223
-1016856534	6.37542E+18	271.0850222	0.467884761	0.377992839	21.59444427	99							16.036	15.614	15.269		-100	5.980444275	-100	0.767	0.345
-1016856533	6.37542E+18	271.0752182	0.46755513	0.377992839	21.72791862	22.92562294							15.809	15.452	15.115		1.197704315	6.275918625	-100	0.694	0.337
-1016856528	6.37542E+18	271.1744161	0.462809204	0.417091638	21.19230652	24.13163567							16.131	15.672	15.369		2.939329147	5.520306519	-100	0.762	0.303
-1016856512	6.37542E+18	271.1029419	0.453530271	0.377992839	21.04837227	20.62077522							15.91	15.233	14.754		-0.427597046	5.815372269	-100	1.156	0.479
-1016866334	6.37545E+18	272.9811584	-0.310601065	0.694210947	20.75531578	24.43902588	11.2	-13.3	14.973	13.83	13.384	12.849	11.324	10.772	10.614		3.683710098	9.983315781	7.371315781	0.71	0.158
-1016866264	6.37545E+18	273.4907479	-0.456947414	0.796122253	22.02830887	99							15.228	14.693	14.475		-100	7.335308868	-100	0.753	0.218
-1016870178	6.37545E+18	272.6438472	-0.248206983	0.677217185	21.35562134	22.05475044							15.879	15.908	15.086		0.699129105	5.447621338	-100	0.793	0.822
-1016870130	6.37545E+18	272.4829658	-0.40067126	0.757908583	19.77517128	23.71170235	7	-4.4	11.767	10.43	9.944	9.371	7.862	7.283	7.056	1	3.936531067	12.49217128	9.83117128	0.806	0.227
-1016856468	6.37542E+18	271.0426826	0.41651055	0.419481993	21.49687767	24.66008186	-3.9	-1.2	14.282	12.876	12.353	11.779	10.1	9.463	9.256		3.163204193	12.03387767	9.14387767	0.844	0.207
-1016856458	6.37542E+18	271.6155717	0.4037034	0.433675706	21.92203522	23.11745834	-16.4	10.9	14.844	13.254	12.614	11.822	9.967	9.164	8.942		1.195423126	12.75803522	9.308035217	1.025	0.222
-1016856416	6.37542E+18	271.0262446	0.362512695	0.452197284	21.56194496	99							15.888	15.575	14.838		-100	5.986944962	-100	1.05	0.737
-1016856400	6.37542E+18	271.6456697	0.337736308	0.442745239	21.59130669	99	0.5	-14.1					13.921	13.286	13.159		-100	8.305306686		0.762	0.127
-1016866262	6.37545E+18	273.5318836	-0.456391588	0.793910146	21.4479351	22.52126503	2.6	1.3	13.606	12.119	11.55	11.052	9.27	8.614	8.442		1.073329926	12.8339351	9.897935104	0.828	0.172
-1016866242	6.37545E+18	273.2835768	-0.499261915	0.816145062	20.92279434	24.08346939	4.1	4.1	12.833	11.323	10.756	10.215	8.375	7.731	7.555		3.160675049	13.19179434	10.16679434	0.82	0.176
-1016867642	6.37545E+18	271.8134441	-0.164310887	0.496133685	21.07024574	24.60990906	-6.4	-0.2	12.811	11.448	10.965	10.432	8.895	8.318	8.124	1	3.539663315	12.75224574	10.10524574	0.771	0.194
-1016867638	6.37545E+18	271.9076671	-0.22455697	0.540691793	21.8218956	25.02572441	1.5	-2.8	17.199	16.815	16.725		15.02	14.661	14.362		3.203828812	7.160895599	5.096895599	0.658	0.299
-1016856372	6.37542E+18	271.4927258	0.306149854	0.416117698	21.358881	22.02111244							16.309	16.322	15.94		0.662231445	5.036880997	-100	0.369	0.382
-1016856368	6.37542E+18	271.1507845	0.299077615	0.467166215	21.79666328	99							16.125	15.543	15.078		-100	6.253663284	-100	1.047	0.465
-1016856365	6.37542E+18	271.6879545	0.297333286	0.452028662	21.8939476	23.62238884							16.331	15.273	15.556		1.728441238	6.620947601	-100	0.775	-0.283
-1016856291	6.37542E+18	271.5545893	0.225783305	0.418253511	20.57460403	20.98356247	0.3	-13.8					15.265	15.375	14.944		0.408958435	5.199604034		0.321	0.431
-1016867615	6.37545E+18	271.9873218	-0.22844809	0.546235502	19.77871513	22.81673241	-7.2	-15.9	15.468	14.897	14.697		13.618	13.579	13.359		3.038017273	6.199715134	5.081715134	0.259	0.22
-1016867589	6.37545E+18	272.1550325	-0.182639234	0.56283778	21.57887077	21.51183319							15.716	15.49	14.95		-0.067037582	6.088870773	-100	0.766	0.54
-1016867585	6.37545E+18	272.1301032	-0.175538101	0.56283778	20.31395531	22.32108307							16.386	15.814	15.47		2.007127762	4.499955307	-100	0.916	0.344
-1016856235	6.37542E+18	270.9756224	0.17560214	0.42048049	20.99736404	24.35692787	5.4	-0.3					14.654	14.507	14.188		3.359563828	6.490364044		0.466	0.319
-1016856190	6.37542E+18	271.6545585	0.135998488	0.433601558	21.66208649	23.81043243	-2.7	-7.4	14.32	12.953	12.429	11.83	10.275	9.573	9.427		2.148345947	12.08908649	9.233086487	0.848	0.146
-1016856188	6.37542E+18	271.5705004	0.13309605	0.411712438	21.81732941	99			16.435	15.679	15.024	14.67	14.548	13.966	13.741		-100	7.851329407	6.793329407	0.807	0.225
-1016856170	6.37542E+18	271.6680583	0.117564995	0.433601558	21.25981903	22.70186234							16.479	15.862	14.739		1.442043304	5.397819031	-100	1.74	1.123
-1016856167	6.37542E+18	271.3749729	0.125405596	0.456888705	20.49884224	24.28644943							14.246	11.248	10.956		3.787607193	9.250842239		3.29	0.292
-1016867334	6.37545E+18	272.1722464	-0.527212403	0.715390027	21.89291191	24.3129425							15.803	14.995	15.041		2.420030594	6.897911911	-100	0.762	-0.046
-1016856135	6.37542E+18	271.5692417	0.088720579	0.414873153	22.06995964	99							15.595	15.19	14.881		-100	6.879959641	-100	0.714	0.309
-1016856105	6.37542E+18	271.1016161	0.066256491	0.408473223	19.91277885	20.3299942							15.885	15.775	15.334		0.417215347	4.137778854	-100	0.551	0.441
-1016856103	6.37542E+18	271.306091	0.062487836	0.432783157	20.53740311	22.45792007	-31.1	-98	12.945	11.636	11.02	10.344	8.826	8.139	7.979	1	1.920516968	12.39840311	9.517403107	0.847	0.16
-1016856095	6.37542E+18	271.7938545	0.056199386	0.487398773	20.04854393	99	0.3	0.4	14.698	13.665	13.263	12.715	11.211	10.631	10.466		-100	9.41754393	6.78554393	0.745	0.165
-1016856094	6.37542E+18	271.0731524	0.054822157	0.412486076	21.04622459	24.5261631							15.703	15.396	15.128		3.479938507	5.650224594	-100	0.575	0.268
-1016867167	6.37545E+18	271.8629604	-0.752624909	0.727767885	21.77853012	21.33143425							16.745	16.346	16.006		-0.447095871	5.432530121	-100	0.739	0.34
-1016867162	6.37545E+18	272.125997	-0.748086752	0.863599479	21.28121948	99	-10.6	1.8	16.433	14.936	14.322	13.217	11.401	10.71	10.544		-100	10.57121948	6.959219482	0.857	0.166
-1016867152	6.37545E+18	271.8817597	-0.775537135	0.757315516	21.40108681	23.02646255	-6.7	0.7	15.594	14.358	13.873	13.276	11.748	11.332	11.128		1.625375748	10.06908681	7.528086807	0.62	0.204
-1016856039	6.37542E+18	271.0506198	0.004963364	0.406346381	21.10027313	22.93619347	-7.3	-25.7					13.534	13.258	13.051		1.835920334	7.842273132		0.483	0.207
-1016856027	6.37542E+18	271.4113235	-0.002897753	0.448941082	20.65457344	18.57031822							14.044	13.484	13.34		-2.084255219	7.170573441	-100	0.704	0.144
-1016856025	6.37542E+18	271.4980767	-0.002129846	0.439044386	20.66363907	22.50658035	-5.4	-5.3	12.777	11.474	11.003	10.499	8.932	8.44	8.173	1	1.842941284	12.22363907	9.660639069	0.759	0.267
-1016855999	6.37542E+18	271.4059119	-0.025062181	0.450181007	21.05193138	18.97195435							13.923	13.284	13.205		-2.079977036	7.767931381	-100	0.718	0.079
-1016855986	6.37542E+18	271.6528929	-0.038605953	0.45563072	21.32448578	21.43580818							16.301	15.972	15.461		0.111322403	5.352485779	-100	0.84	0.511
-1016855984	6.37542E+18	271.4679157	-0.032535704	0.441626608	21.10872841	99							15.839	15.422	14.902		-100	5.686728409	-100	0.937	0.52
-1016867065	6.37545E+18	272.129047	-0.980642256	1.059630871	22.00088692	99							15.744	14.87	14.907		-100	7.130886917	-100	0.837	-0.037
-1016867049	6.37545E+18	271.8186274	-1.027191907	0.896495819	21.7485733	99							16.278	15.593	15.398		-100	6.155573303	-100	0.88	0.195
-1016856346	6.37542E+18	271.8005813	0.283130178	0.449544102	21.00860786	99	-28	-27.1	15.32	14.242	13.821	13.287	12.328	11.748	11.581		-100	9.260607864	7.187607864	0.747	0.167
-1016855926	6.37542E+18	271.3118831	-0.100757782	0.414140314	21.60782814	23.08808708							16.074	14.544	15.297		1.480258942	7.06382814	-100	0.777	-0.753
-1016855911	6.37542E+18	271.3231246	-0.114422502	0.414140314	20.32307243	22.27993011	-17	-33.4	15.357	14.342	13.923	13.47	12.031	11.417	11.281		1.956857681	8.906072433	6.400072433	0.75	0.136
-1016855869	6.37542E+18	271.3507815	-0.158153477	0.412718892	21.86893463	23.6800499	-5.4	-10.2	16.385	15.349	15.037		13.526	12.628	12.58		1.811115265	9.240934631	6.831934631	0.946	0.048
-1016855863	6.37542E+18	271.632347	-0.16044548	0.456404746	21.26819038	22.62700272	-3.2	-6.6					15.606	15.434	15.227		1.358812332	5.834190384		0.379	0.207
-1016855862	6.37542E+18	271.6934163	-0.151515697	0.465771556	19.803339	20.39578629							16.42	16.262	15.664		0.592447281	3.541339005	-100	0.756	0.598
-1016855855	6.37542E+18	271.6982929	-0.168661368	0.465771556	21.78953743	23.41162872	3.6	-4.3					14.239	13.743	13.529		1.622091293	8.04653743		0.71	0.214
-1016855844	6.37542E+18	271.1019615	-0.180012957	0.417274207	21.79487038	99							16.668	15.885	15.349		-100	5.909870377	-100	1.319	0.536
-1016855797	6.37542E+18	271.1578493	-0.237257771	0.449838728	20.60479736	21.97633743							12.982	12.316	12.047		1.37154007	8.288797363	-100	0.935	0.269
-1016855790	6.37542E+18	270.9934477	-0.244376717	0.391097933	19.76771545	23.3955307	-2.4	-12.9	12.835	11.558	11.079	10.62	8.949	8.425	8.146	1	3.627815247	11.34271545	8.688715454	0.803	0.279
