ra	dec	FUV-NUV	J-K	H-K	NUV-H	NUV-R
18.54405286	-3.730148295	-100	0.453	0.055	7.326350784	5.876350784
18.46603343	-3.370608546	2.384777069	0.402	0.125	6.108948227	4.981948227
18.40553294	-3.199622763	-0.479372025	0.308	0.029	5.751321014	4.543321014
18.58174045	-3.009133705	2.41619873	2.531	1.648	3.781029205	-100
18.34370798	-2.90082588	-100	0.534	0.033	7.962286896	6.068286896
18.43412772	-2.57844782	2.865333557	1.077	0.531	6.392873047	-100
18.4988082	-2.3504543	-100	0.39	0.11	6.252871552	4.892871552
18.53500583	-2.210695821	-100	0.407	0.047	6.647668442	5.279668442
18.71023072	1.104833514	-100	0.379	0.048	6.294299286	5.011299286
18.65542447	1.181250866	6.026611328	2.165	1.705	1.106282272	-100
18.46524806	1.232573051	1.492811203	0.429	0.091	4.651866135	3.638866135
18.63122686	1.595417149	2.752374649	1.371	0.566	4.80377832	-100
18.52272175	-4.050584242	-100	0.36	0.077	6.333662247	5.194662247
18.61616967	1.695023986	3.742990494	0.971	0.506	5.406822906	-100
18.52675902	1.734256748	0.634538651	0.54	0.05	10.02074666	8.264746658
18.50637281	-1.859498867	2.856861115	1.29	0.9	5.968157791	-100
18.52404819	-3.742994812	1.239337921	1.449	0.759	4.592828583	-100
18.57453267	-4.080792915	1.727294922	0.44	0.108	6.553010025	5.264010025
18.3223226	-3.229490145	2.775382996	0.496	0.212	6.13517485	4.85617485
18.54529229	-2.516323958	5.424657822	0.341	0.041	6.804368805	5.445368805
18.46805198	-2.838135748	4.814115524	0.425	0.059	8.164997025	6.738997025
18.55995716	-3.911666245	-100	0.576	0.137	6.832228012	-100
18.39380366	-3.419556903	8.631435394	0.354	0.112	6.75126445	5.62526445
18.4677952	-3.288510141	3.496671677	0.489	0.107	5.74988858	-100
18.54540891	-2.746153468	-100	0.403	-0.001	5.744774384	4.439774384
18.49477581	-2.686731776	0.516944885	1.469	0.328	6.013365692	-100
18.31495688	-2.767327663	-100	0.513	0.139	8.317910065	6.734910065
18.46137835	-2.522721077	-100	0.441	0.051	6.882996399	-100
18.68565619	-2.452896606	1.548482895	0.558	0.082	6.131232773	-100
18.5624308	1.729151587	3.037878036	0.414	0.006	8.013094162	6.505094162
18.56157154	-2.477697436	-100	1.1	0.774	4.22732222	-100
18.48569492	0.981987735	0.075801849	1.058	0.494	5.493563843	-100
18.54225692	-2.327412869	0.246263504	0.318	0.011	5.328695419	-100
18.53886407	1.250847538	-100	15.513	15.168	4.694976074	-100
18.54081811	1.468404117	-100	0.271	0.038	5.110499863	4.155499863
18.43136266	-4.836583847	1.839347839	0.469	0.049	7.096126175	5.590126175
18.34176367	-4.123355779	2.227809906	0.266	-0.002	5.211794556	4.105794556
18.3680423	-3.935309211	7.880533218	0.252	0.017	5.411842789	4.454842789
18.43163154	-3.164015875	-100	0.507	0.058	9.150590958	7.522590958
18.43929122	-2.815223587	-0.221492767	1.752	0.605	5.361730316	-100
18.40747082	-2.784162465	0.469348907	0.453	0.188	6.879878479	-100
18.52560583	-2.592560863	4.548532486	0.593	0.105	8.326258698	6.469258698
18.32426734	-2.570444716	0.728881836	0.312	0.059	6.942833038	5.697833038
18.44969025	1.361099614	-100	0.343	-0.033	7.213302521	5.829302521
18.49066913	1.413150685	5.473955154	0.319	0.057	6.767816757	5.617816757
18.44859773	1.47251081	3.005332947	0.329	0.068	5.909425797	4.663425797
18.58428295	1.495013753	2.60449028	0.372	0.038	7.523410828	6.195410828
18.70422667	1.532587267	-100	0.384	-0.039	6.928811081	5.441811081
18.4845321	-3.650240943	4.020320892	0.995	0.371	4.014790298	-100
18.40378703	-3.423795868	-100	1.602	0.531	5.00113118	-100
18.38413899	-3.384714099	2.215969086	0.334	-0.053	6.762313812	5.420313812
18.42421018	-3.335827214	9.532337189	0.286	0.043	5.749143433	4.791143433
18.47318649	-3.245578851	10.82066345	0.361	0.102	5.195750763	4.097750763
18.43132598	-2.676794362	-100	0.44	0.027	7.314176483	5.745176483
18.6737205	-2.268534999	4.280647278	0.407	0.055	8.299095551	6.742095551
18.57471059	1.491282929	9.495985031	0.46	0.085	7.439404175	6.103404175
18.71512633	1.561094862	4.265296936	0.41	0.049	6.025582306	4.757582306
18.52736645	1.632476643	0.859079361	1.248	0.601	6.449596008	-100
18.65723339	1.716948494	-100	0.328	0.099	5.938737396	4.746737396
18.51908302	-3.876509389	2.621826172	0.479	0.11	6.755907806	5.430907806
18.52866791	-3.203017555	-100	0.513	0.067	8.625245819	7.057245819
18.34535888	-2.660780677	3.656541824	0.473	0.116	8.833884323	7.231884323
18.34647422	-2.550654905	-100	0.711	0.212	11.08333379	-100
18.51564163	-2.436411359	2.076726913	0.459	0.092	6.922115616	5.476115616
18.57534583	1.744681953	-100	0.415	0.041	7.390362244	5.939362244
18.57021282	-3.700463391	1.743642807	0.87	0.225	6.08736702	-100
18.54595035	1.501763367	11.82778168	0.294	0.032	4.968820404	-100
18.5441471	1.621510403	1.978357315	1.798	0.679	5.221753006	-100
18.56882537	1.811277722	5.707056046	0.427	0.053	6.240509308	4.869509308
18.59682847	-2.18644881	-0.066516876	0.448	0.033	6.871894928	5.363894928
18.66040173	-2.037734968	-100	0.337	0.022	6.576669876	5.254669876
18.4863366	-1.63462214	3.239435196	0.486	0.077	8.515542679	6.904542679
18.52781836	-4.500598932	3.57806015	0.412	0.069	6.84118898	5.42718898
18.49588787	-4.360425272	5.356813431	0.544	0.124	8.8408535	7.1058535
18.44834399	-4.029464487	-100	0.292	0.085	4.902831833	3.919831833
18.47853852	-3.916286622	2.029027939	0.31	0.089	4.533689804	3.483689804
18.43547561	-3.753193686	0.951002121	0.592	0.276	5.974362595	-100
18.31949531	-3.744926604	2.126825333	0.622	0.091	9.65777597	7.91277597
18.361633	-3.289708408	4.240047455	0.408	0.102	6.53973233	5.30873233
18.34570331	-3.146491438	3.172386169	0.452	0.008	7.211833298	5.710833298
18.57563956	-3.162888838	4.762071609	0.46	0.171	5.581402649	4.419402649
18.55460251	-3.588491497	0.980354309	0.433	0.064	6.521649658	5.234649658
18.53392711	-3.429801288	0.135705948	1.409	0.457	5.965634659	-100
18.44933379	-4.727964594	6.418857574	0.529	0.118	6.967982025	5.201982025
18.55864722	-4.592257113	-100	0.526	0.238	5.892214264	-100
18.52181639	-4.468134414	2.121196747	0.291	0.044	5.765248505	4.482248505
18.57507926	-3.330605447	3.603467941	0.312	0.011	6.668498169	5.514498169
18.54859539	-3.70695969	0.598438263	0.671	0.063	5.841510559	-100
18.50604484	-3.454628016	0.893278122	0.554	0.07	9.592809555	7.826809555
18.40445162	-4.728325607	1.604232788	0.39	0.1	6.223791229	4.891791229
18.54516251	-3.350526492	4.115791321	0.404	0.068	7.758506531	6.405506531
18.47826837	-4.652344669	1.145273209	0.393	0.143	6.271491501	4.869491501
18.54160555	-3.923740929	-100	1.265	0.279	4.082476608	-100
18.39197241	-3.763427935	1.184791565	0.443	-0.032	6.964410034	5.454410034
18.31272522	-3.275557379	-100	0.299	0.027	5.292934052	4.203934052
18.58851399	-3.582602683	3.867767334	0.44	0.086	7.12796907	5.68696907
18.32820071	-4.724928699	-100	0.399	0.091	7.268964066	5.833964066
18.45454695	-4.1343945	4.224491119	0.301	-0.049	5.097974976	3.963974976
18.34566394	-2.564730077	-100	14.465	14.39	6.213193283	-100
18.64586086	-2.457815693	-100	0.384	-0.069	8.220971497	6.524971497
18.53435843	-4.040257533	4.873117447	0.428	0.082	6.839841949	5.516841949
18.43244865	-3.306909767	9.815050125	0.228	0.046	4.873073547	4.110073547
18.33470792	-3.315174552	2.789707184	0.695	0.274	7.256350037	-100
18.5187709	-3.245837559	-100	1.167	0.608	6.191380173	-100
18.38358836	-3.292558571	-1.059106827	1.364	1.296	6.06803006	-100
18.446236	-3.233379735	1.109823227	0.429	0.075	5.364847504	-100
18.33985979	-3.195913202	3.282833099	16.768	16.913	4.452459442	-100
18.49724062	-3.224248134	-100	1.269	0.689	6.90266687	-100
18.39565317	-3.300245283	1.71273613	0.457	0.058	7.949393448	6.633393448
18.54182425	-2.830699824	9.499011993	0.369	0.015	6.999089478	5.670089478
18.51366245	-2.756626033	1.220722198	0.662	0.166	8.138557053	6.530557053
18.48202929	-2.685121225	-100	0.52	0.089	8.410917206	6.666917206
18.51411482	-2.232870224	3.898208618	0.584	0.2	6.865012207	5.205012207
18.54144889	-2.658887945	1.883174896	0.568	0.066	8.907110672	7.139110672
18.32062164	-2.59343574	2.969718933	1.633	0.885	4.746063202	-100
18.32042241	-2.584398543	0.945638657	-0.272	-0.732	6.304917877	-100
18.59343674	-2.47956908	-100	1.646	0.687	5.66264061	-100
18.5028396	1.017256468	1.100278854	0.339	0.088	6.15669603	4.91569603
18.69682205	1.121404471	5.381757736	1.161	0.599	4.318406845	-100
18.51718603	1.349041222	0.56026268	0.348	-0.036	6.259378799	-100
18.45453431	-2.573739216	-100	0.406	0.008	6.217543289	4.866543289
18.62275086	-2.40213725	3.363016129	0.254	-0.09	5.253075073	3.965075073
18.46270034	-2.383552428	2.696439743	16.875	15.424	5.547818924	-100
18.55156035	-2.45978752	6.84500885	0.307	0.016	5.247601349	4.072601349
18.65650845	-2.372136259	5.672418594	0.366	0.065	6.978477448	5.704477448
18.48746438	1.007167914	2.219221115	1.351	0.615	5.390922897	-100
18.48381039	-2.450181401	-0.640007019	1.328	0.524	6.258287231	-100
18.67076549	1.154151801	-100	0.436	0.081	5.186284744	3.793284744
18.49283495	1.541850475	-100	1.341	0.551	5.164330856	-100
18.55555674	1.156827562	1.817359924	1.309	0.382	4.847768799	-100
18.5437063	1.497980952	5.523785591	0.567	0.1	8.588588127	-100
18.60297827	1.539083246	3.71323204	0.39	0.084	5.275114883	4.098114883
18.51922809	1.557749253	2.222557068	0.416	0.105	6.9915345	5.3515345
18.53664996	1.592648538	4.831790924	0.512	0.117	5.854731934	-100
18.54083986	-2.167824195	2.99895668	0.389	-0.121	6.970468155	-100
18.46540097	-1.694947934	7.577167511	0.358	0.119	6.133859131	4.987859131
18.67630078	-0.105661406	3.397939682	1.532	1.035	3.204812607	-100
18.66299135	-2.322165501	6.981912613	1.781	0.978	3.315064911	-100
18.63843651	1.212579663	2.684074402	0.676	0.095	10.79954674	8.690546738
18.44076557	1.310387989	3.900569916	0.482	0.153	8.198554413	6.708554413
18.58304678	1.37101669	4.181705475	0.522	0.094	8.780307419	7.222307419
18.64708643	1.393400703	5.867321014	0.381	0.086	6.528872894	5.239872894
18.6991046	1.474007917	1.718832016	0.63	0.009	5.565683609	-100
18.52455624	-1.669493256	-100	1.507	0.236	5.992265869	-100
18.57780988	-3.637026751	0.876815796	0.395	-0.11	6.85714859	-100
18.3326314	-3.743072346	8.519271851	0.319	0.058	5.928730225	4.879730225
18.56100498	-0.444209383	3.631622314	16.862	15.946	4.984526733	-100
18.33887174	-4.484664786	2.091133118	0.587	0.102	6.140514145	-100
18.5350565	-4.377682627	5.214389801	0.229	0.011	5.484907837	-100
18.53724637	-4.675569449	10.83908272	0.308	0.058	5.2464422	3.9354422
18.58078117	-4.612329781	-2.381074905	0.574	0.132	8.023645203	6.205645203
18.41133705	-4.148357628	2.738998413	0.361	-0.156	3.57126767	-100
18.52597769	-3.384447274	3.687820435	0.368	0.055	6.172334595	4.930334595
18.52932621	-4.969554342	1.644590378	1.25	0.382	5.188541336	-100
18.30351841	-4.40161323	-100	1.281	0.506	5.223494583	-100
18.5121579	-4.376263473	4.780462265	0.836	0.411	5.173158188	-100
18.53534133	-4.072345655	3.855081558	0.644	0.112	9.990855988	8.110855988
18.5440562	-3.654746253	7.665439606	0.393	0.098	6.249932404	5.150932404
18.45575706	-4.365960891	5.705610275	0.231	0.006	5.998162949	4.756162949
18.32040663	-4.302207175	-100	0.352	0.033	6.353608612	5.029608612
18.41875682	-4.286333841	2.112815857	0.494	0.003	7.828541595	6.021541595
18.41479204	-3.947401963	1.941074371	0.885	0.583	4.857179306	-100
18.31232533	-4.684222269	1.782461166	0.963	0.278	5.799303558	-100
18.41130157	-4.360001109	1.79372406	0.833	0.309	5.674432495	-100
18.54191436	-4.941442265	2.735651016	0.284	-0.017	5.209670944	-100
18.42330664	-4.752830671	5.705253601	0.397	0.063	6.991382507	5.565382507
18.54151894	-4.357694439	4.071046829	0.586	0.099	9.02686879	7.24886879
18.33979964	-3.92319425	0.842956543	0.641	0.138	9.951285202	8.055285202
18.33139479	-3.70311327	5.544818878	0.432	0.094	5.947052124	4.654052124
18.57718373	-3.309476285	-100	0.72	0.13	12.13020381	9.532203812
18.57359027	-3.774452679	-100	0.502	0.122	6.953115051	5.507115051
18.50840577	-3.617169766	1.61605835	1.849	1.251	4.378468979	-100
18.38071155	-4.563572313	-100	0.995	0.158	5.447358246	-100
18.51539351	-4.421397318	5.459674835	0.432	0.171	4.421860733	-100
18.55503306	-3.466391573	0.184686661	0.399	0.08	5.421824173	4.207824173
18.43649118	-4.32137983	1.782155991	0.413	-0.025	7.367375107	5.797375107
18.55136318	-4.291312118	3.86693573	0.389	0.089	7.270343811	5.911343811
18.58267972	-4.102710467	5.101144791	0.384	0.051	7.238494125	5.915494125
18.3597214	-4.003652339	3.966985703	1.201	0.919	3.810263885	-100
18.51172953	-3.515562372	-1.615058899	0.342	0.085	4.541564926	3.423564926
18.34247212	-4.757121231	0.615268707	0.511	0.152	8.161505753	6.444505753
18.39802624	-4.140233361	2.446315765	0.489	0.077	8.537858307	7.009858307
18.45896052	-1.786524268	1.53058815	0.634	0.25	6.265862778	-100
18.450728	-4.242107141	2.299669266	0.403	0.047	8.250607758	6.720607758
18.52276089	-4.204208441	2.25217247	0.513	-0.141	5.858069809	-100
18.42569309	-3.086593275	2.743612289	0.486	0.276	6.662277542	-100
18.61533726	-0.477314833	-100	0.33	-0.13	6.119037094	-100
18.48700453	-4.192589855	6.939846039	0.323	0.033	5.951359756	4.748359756
18.66610645	0.792567206	8.540159225	0.315	-0.002	5.628328766	4.427328766
18.61782855	0.749934091	1.459619522	0.483	0.052	9.421229187	7.720229187
18.58991784	-3.258599425	-100	1.381	0.456	5.876057297	-100
18.5714297	-3.410566766	3.503932953	0.378	0.053	7.407818405	6.155818405
18.58293018	-4.951049681	1.402427673	0.33	0.025	6.566512589	-100
18.36395591	-3.460816916	-100	0.311	0.038	5.368187973	4.238187973
18.47030462	-3.621271042	0.578128815	1.778	0.701	5.74046698	-100
18.46661625	-3.422577636	3.460483551	0.637	0.133	8.90534877	7.11934877
18.40811911	-4.562728867	-100	0.465	0.082	8.274390091	6.801390091
18.52679322	-4.48595433	3.299524307	0.418	0.033	7.003691025	5.529691025
18.5643983	-3.272280161	3.850057602	0.462	0.05	7.04857634	5.70157634
18.50154899	-3.577498108	5.110738754	0.308	0.075	5.127861206	4.118861206
18.44502186	-4.445190959	-100	0.386	0.002	5.973186981	4.667186981
18.40289975	-4.357080777	2.621866226	0.346	0.02	6.506166031	5.170166031
18.39621456	-4.534961674	5.080884933	0.373	0.029	7.023353821	5.488353821
18.52975112	-4.343878354	2.032636642	0.347	0.119	5.872692917	-100
18.40617893	-4.232883363	4.194890976	15.582	15.309	3.64724733	-100
18.40617893	-4.232883363	4.194890976	1.295	0.5	3.90724733	-100
18.45436754	-4.924292142	5.763282776	0.569	0.063	9.021744919	7.132744919
18.33129572	-4.527913426	-100	0.437	0.099	7.204068207	5.792068207
18.47441848	1.464201999	1.740083694	1.704	1.097	3.624591705	-100
18.69564614	1.676395627	6.903106689	0.363	0.071	7.21351004	5.98651004
18.66022338	1.779409807	5.21068573	0.285	0.014	4.177614594	3.053614594
18.62725575	-1.841770969	-100	0.199	0.057	4.529676941	3.422676941
18.54895408	-1.764095426	-100	0.529	0.068	8.099800598	6.378800598
18.51903996	-1.688731978	1.924852371	0.512	0.243	6.247875809	-100
18.37050337	-4.884852054	7.921453476	0.244	0.033	5.444548111	4.349548111
18.30692718	-4.621054123	1.252819061	0.317	0.069	6.008364838	4.768364838
18.3718761	-4.610715154	9.575222015	0.406	0.106	7.181251648	5.826251648
18.52020938	-2.113846146	10.26973724	0.279	0.074	6.808434982	4.693434982
18.60245472	-1.81231635	2.105730057	0.309	0.2	5.161279419	-100
18.48399234	-3.999684395	3.220321655	1.067	0.549	4.412955307	-100
18.38713393	-3.289986629	-100	1.467	0.574	5.114419983	-100
18.41457986	-3.534245695	-100	0.594	0.114	9.782967865	7.993967865
18.693565	0.579091352	-1.20158577	1.532	0.579	6.879184448	-100
18.35228477	-3.461059219	0.829156876	0.462	0.023	6.238802261	4.899802261
18.43436419	-4.944413906	4.127048492	0.61	0.095	7.05159845	5.45959845
18.43528222	-4.245317225	3.744573593	0.396	0.109	7.70492128	6.37692128
18.40792558	-3.906820498	5.130626678	0.346	0.03	6.29454248	5.07154248
18.49109834	-3.206123461	2.348831177	1.146	0.539	4.857584824	-100
18.56601854	0.882109402	0.999940872	1.687	0.478	6.238777725	-100
18.45979088	0.884804454	0.803888321	0.604	0.113	9.752044815	7.883044815
18.61338733	-0.217337023	-100	0.414	0.076	7.287952332	5.929952332
18.43601379	-3.365689947	-100	-0.033	-0.466	5.85255545	-100
18.56394847	0.421219505	2.802713394	0.405	0.036	6.849008102	5.370008102
18.46664003	0.755577751	-100	1.13	0.678	5.322464523	-100
18.60286786	0.870763351	6.003128052	1.052	0.265	3.786115936	-100
18.33760945	-4.075777119	-100	0.921	0.339	5.700383774	-100
18.40414175	-3.609462849	10.24637127	0.291	0.085	5.712689537	4.494689537
18.61826961	0.247406669	2.224937439	0.504	0.064	6.546108215	-100
18.49646131	-2.866654921	4.027284622	0.406	0.054	7.178335693	5.823335693
18.3881258	-2.686594452	-100	0.341	0.003	6.915444031	5.553444031
18.44984338	-2.411314483	1.118494034	0.575	0.126	8.257467255	6.630467255
18.44118721	-2.270000065	5.361974716	0.359	-0.001	6.485607635	5.091607635
18.31213344	-4.959453744	4.229293823	0.393	0.035	6.483625244	5.098625244
18.61179442	-1.492047251	1.189954758	0.4	0.131	6.660471848	5.358471848
18.64004236	-1.478355938	2.739496231	0.389	-0.047	6.230973923	4.772973923
18.51272516	-3.958760589	1.393932343	0.477	0.068	7.52797937	6.09197937
18.63048679	0.791935768	5.790365219	0.95	0.417	3.554328018	-100
18.30822483	-3.225999581	-100	0.568	0.132	8.940168076	7.298168076
18.42782664	-3.235896518	3.084066391	0.315	0.047	5.610365906	4.502365906
18.47328164	0.760066064	5.200536728	1.048	0.712	4.602354446	-100
18.41042618	-3.1532676	3.293272018	0.553	0.051	8.457768784	6.771768784
18.36069769	-2.76372433	1.78030777	0.44	0.07	8.460226807	6.938226807
18.66211527	-0.801140789	-1.784067154	1.462	0.707	5.310690887	-100
18.52171732	-3.089148234	2.682094574	0.515	0.082	9.305214264	7.649214264
18.30556105	-3.032474345	2.716625214	0.367	0.005	5.885430176	4.548430176
18.44412372	-2.728288952	-100	0.287	0.058	5.430403107	4.355403107
18.43358384	-3.392110454	-100	0.304	0.009	5.720376297	4.536376297
18.43053645	-3.248777058	3.307952881	0.352	0.061	6.63074855	5.47074855
18.30072172	-3.233988448	7.597505569	0.3	0.014	5.895985901	4.770985901
18.49799992	-3.201726716	2.69993782	1.4	0.482	4.741983963	-100
18.39789982	-3.176116381	-100	16.803	16.02	6.112476807	-100
18.49892842	-3.085231594	0.694669724	0.419	0.032	8.070101395	6.486101395
18.5847827	-0.270873728	-100	0.414	0.017	6.874164871	5.393164871
18.62689975	-1.510011365	1.016601563	0.573	0.102	9.007704529	7.160704529
18.46359741	-1.331792791	-100	1.385	0.602	6.514654709	-100
18.33984072	-2.789417696	-100	0.375	0.047	7.242102478	5.950102478
18.31758326	-2.783119225	1.93318367	0.427	0.107	7.74702681	6.37202681
18.35324298	-2.767715191	2.957616806	1.82	0.953	5.898583054	-100
18.6782287	0.735941741	4.433769226	0.983	0.454	5.006809814	-100
18.56578559	0.765895228	-100	0.874	0.391	2.962576599	-100
18.71429884	-1.456249363	-0.171630859	1.828	1.073	5.63113826	-100
18.6748662	-1.367633633	-100	1.065	0.728	5.523126755	-100
18.67042504	-1.362644034	1.703012466	0.277	-0.086	6.040626907	-100
18.51481178	-1.231719411	-100	0.388	-0.052	6.892621185	-100
18.48395503	-1.081400507	-100	0.605	0.277	7.303765015	-100
18.45763801	-1.363171314	2.776643753	0.536	0.113	7.772375275	6.118375275
18.66711215	-1.276009427	-3.28767395	0.5	0.066	8.141526474	6.348526474
18.50281181	-2.698231488	4.801044464	0.347	-0.057	5.713264877	4.322264877
18.69981874	-1.031938076	-100	0.611	0.077	8.878073242	6.836073242
18.64894016	-1.034649308	1.776378632	-0.604	-0.963	6.638049805	-100
18.44138771	0.945662868	3.798599243	0.589	0.183	2.959730011	-100
18.47401114	1.037264436	-100	1.099	0.477	5.137350861	-100
18.46533499	1.08655326	-0.001466751	1.264	0.328	6.100009552	-100
18.67516993	1.438936801	3.243200302	0.537	0.102	8.506112869	6.909112869
18.55713913	1.47400388	9.032951355	0.326	0.115	5.842203369	4.741203369
18.53977625	1.518978155	6.69506073	0.384	0.081	6.384471313	5.210471313
18.6134781	1.715610262	5.321159363	0.391	0.198	5.665173233	4.777173233
18.58831301	-0.852410216	4.709365845	0.993	0.396	3.59441655	-100
18.59727121	-0.784178925	3.07985878	0.57	0.355	5.587956345	-100
18.4688449	-2.847044388	1.496313095	0.345	0.02	6.627853546	5.357853546
18.32442189	-2.518343952	6.467578888	0.968	0.638	3.432140381	-100
18.53101656	-2.447331158	-0.264467239	0.333	-0.029	5.873209885	4.590209885
18.65163784	-0.026498364	-100	1.046	0.369	4.212439682	-100
18.38304363	-3.313962474	6.583498001	0.696	0.155	10.82159297	8.238592972
18.66213621	0.983335891	-0.521114349	0.416	-0.036	6.722710175	5.278710175
18.4384406	-3.081759246	-100	0.578	0.1	8.011784149	6.383784149
18.55969016	-3.055969627	1.311542511	0.584	0.127	7.746976013	6.136976013
18.63499935	1.150764725	-100	0.327	0.112	5.334112549	-100
18.70322145	-0.495861153	-100	1.359	0.663	2.959758743	-100
18.51676189	-3.500359583	1.937982559	0.491	0.073	9.01058316	7.38758316
18.38042445	-4.208626464	-100	1.204	0.435	4.585220932	-100
18.50022467	-1.439284026	1.510166168	0.393	0.047	6.3650513	4.9240513
18.50212434	-1.394568571	-0.016399384	0.572	0.105	9.270712128	7.482712128
18.37610473	-3.661360416	2.356563568	1.209	0.367	5.784036133	-100
18.44554853	-1.343033828	-0.099163055	0.524	0.112	8.989766083	7.288766083
18.62367363	-1.324785543	0.498617172	0.507	0.093	8.915536865	7.165536865
18.61659745	-0.793210261	2.77327919	-0.61	-0.768	5.544107254	-100
18.47646791	-0.732074105	-100	1.269	0.305	4.383658722	-100
18.35039497	-4.11595773	1.5222435	0.45	0.048	8.164348907	6.667348907
18.39506512	-3.320668401	-100	0.487	0.04	7.422648941	-100
18.46423976	-3.522110984	3.084527969	0.32	0.015	6.333383118	5.094383118
18.44338874	-1.377466008	3.121799469	0.415	0.066	7.755863342	6.252863342
18.50439956	-1.355669167	3.530908585	0.347	0	6.547115219	5.035115219
18.61441597	-1.275953128	2.555822372	1.472	0.892	3.534787033	-100
18.56799084	-3.132637259	7.125671387	0.379	0.087	7.432075195	6.140075195
18.5083527	-2.766979053	2.518922806	1.196	0.64	5.064675491	-100
18.35884564	-3.945260495	3.775527954	1.56	0.748	4.87893605	-100
18.30342055	-4.052996511	3.946893692	1.026	0.212	13.54167577	10.53967577
18.45398145	-1.537988204	1.695856094	0.533	0.065	10.0501163	8.175116302
18.56521326	-2.889971758	6.093366623	0.364	0.05	6.259295593	5.078295593
18.44297871	-1.470392082	4.180393219	16.957	15.225	4.03659668	-100
18.50657029	1.424428792	-100	0.381	0.095	6.399570892	5.136570892
18.55467144	-2.314796734	6.285209656	0.306	0.042	5.873224274	4.676224274
18.6080402	-2.3009442	2.99045372	0.463	0.052	7.746197571	5.964197571
18.54399706	-2.372561621	-100	1.35	0.445	5.912073364	-100
18.46124553	-2.275643713	5.055576324	0.099	-0.52	6.257306732	4.591306732
18.47766056	1.009248916	3.616970062	1.063	0.539	4.307734238	-100
18.66107511	-1.020510413	3.648420334	1.349	0.626	6.954630585	5.235630585
18.66107511	-1.020510413	3.648420334	2.732	1.955	5.825630585	5.235630585
18.44243892	-0.949407237	2.248767853	0.581	0.154	8.275490952	6.594490952
18.38727196	-4.171063739	-100	0.51	0.278	5.817619278	4.694619278
18.44032433	1.0650143	0.598768234	0.923	0.246	5.114605408	-100
18.62076148	1.118394298	-0.247537613	0.477	0.05	7.570472488	5.940472488
18.52309157	1.683762305	4.105276108	0.841	0.141	13.12107547	10.51107547
18.46869508	-1.737295541	1.106624603	0.593	0.11	9.383763916	7.556763916
18.58053162	-1.04719962	0.531402588	0.84	0.078	7.223835678	-100
18.71996478	-1.033543767	-100	0.384	0.078	6.735658646	5.324658646
18.52009721	-1.044852266	7.55989933	0.378	0.093	5.683345924	4.411345924
18.35167513	-2.839334514	-100	0.461	0.186	6.844867569	5.545867569
18.68952431	-2.416417785	-100	0.638	0.106	10.06951877	8.081518768
18.49078151	-2.262517612	-100	0.45	0.05	6.544165588	4.965165588
18.35803309	-2.616913069	3.888311386	0.285	-0.019	6.946133865	-100
18.56399157	-2.379904541	1.29776001	1.631	0.807	2.923794708	-100
18.67838625	-2.263788537	4.653142929	0.418	0.066	7.14070546	5.71470546
18.52134193	-2.682590949	-100	0.388	0.003	7.399550522	5.853550522
18.64558018	-2.427123179	7.807956696	0.415	0.071	8.451292816	6.945292816
18.57014791	-2.226849641	3.461524963	0.537	0.107	4.496982437	3.361982437
18.50905139	-0.844818139	1.810886383	1.401	0.53	4.04741066	-100
18.57794115	1.168078238	2.232116699	0.407	0.069	5.106253433	3.831253433
18.6321147	0.152675907	4.358354568	0.752	0.116	10.94040831	8.45140831
18.62417289	0.204888723	1.976215363	1.153	0.425	5.229287018	-100
18.48480012	-0.102396565	0.097332001	0.386	0.068	6.757624817	5.507624817
18.55089122	-4.812365443	2.641090393	0.395	0.08	6.349426605	4.951426605
18.66304766	1.238365458	5.662378311	0.529	0.047	8.236663193	6.493663193
18.68816908	1.281562804	3.446193695	0.408	0.037	5.48448317	4.24048317
18.44708628	-1.329666615	-100	0.443	0.01	7.962341263	6.343341263
18.64594993	-1.229439783	-100	1.141	0.509	5.308785797	-100
18.55250737	1.301546758	-100	0.373	0.065	7.366381439	6.090381439
18.56778725	1.478608537	6.170059204	0.285	0.097	5.456895935	4.518895935
18.62047234	0.283530389	1.991884232	1.338	0.457	4.736540573	-100
18.46480521	1.33464152	3.92064476	0.429	0.016	7.511023849	6.067023849
18.50827233	1.520960739	2.105453491	1.352	0.619	5.322077118	-100
18.46172609	-0.754689274	2.025999069	0.516	0.044	7.711747726	6.059747726
18.55175436	-0.739682081	6.127565384	0.562	0.077	9.32623085	7.45823085
18.53401844	-0.73344176	-100	1.367	0.72	4.281242355	-100
18.47625628	-0.701951259	2.040140152	0.521	-0.102	7.045267548	-100
18.47684261	1.291553959	1.921808243	0.485	0.412	6.180060303	-100
18.6809031	-1.270649201	-0.185878754	0.855	0.179	12.64007428	9.82507428
18.54577482	-1.220476601	1.267492294	0.23	-0.102	6.740293381	5.287293381
18.53590105	-1.069446277	1.186752319	0.459	0.019	9.450921707	7.757921707
18.59757582	1.367616221	4.355215073	0.392	0.07	4.539243301	3.401243301
18.57789016	1.687670656	3.092359543	0.577	0.207	5.605588501	4.455588501
18.56029332	-4.446735153	3.703271866	0.454	0.044	6.16916127	4.72316127
18.4343241	-3.530984051	1.689245224	0.347	-0.05	6.762582336	5.508582336
18.48569548	-3.545064155	1.914094925	0.494	0.091	7.049317535	5.578317535
18.51617938	1.065557762	2.147960663	16.821	16.064	5.421424042	-100
18.64454865	1.200450122	0.2461586	0.361	-0.006	6.130337753	4.827337753
18.56970667	1.212930822	0.425323486	0.568	0.234	6.447765991	5.076765991
18.56107734	1.378148999	-100	0.395	0.092	4.247397919	3.126397919
18.46301455	1.414019298	5.457462311	0.284	0.055	5.312536545	4.371536545
18.60295764	0.40813246	0.141345978	0.992	0.281	7.743493179	-100
18.70943854	-0.838200611	0.067306519	0.447	0.055	7.426030869	5.822030869
18.6295106	-0.836072392	4.62153244	0.677	0.086	10.52656451	8.428564514
18.56761545	-1.739459073	-100	0.441	0.062	8.324208572	6.844208572
18.46583171	-0.241923875	0.570114136	0.501	0.109	5.813003418	-100
18.61966927	-2.041603279	2.906826019	0.468	0.059	7.201003632	5.501003632
18.56580795	1.386778789	-100	0.308	-0.011	6.680049927	5.464049927
18.63774161	1.481955471	-100	0.492	0.1	8.025940018	6.575940018
18.69574088	-0.050167058	0.813257217	0.865	0.153	13.0668398	10.5628398
18.70165976	0.083077279	5.783649445	0.283	-0.14	6.493316193	5.056316193
18.59658109	-2.0393131	4.308525085	0.403	0.073	7.041562134	5.687562134
18.53152575	-4.822806535	-100	0.399	0.066	7.355662704	5.927662704
18.54416452	-0.452017875	2.208353043	1.26	0.502	6.205940903	-100
18.56439672	-0.367445087	-100	1.507	0.655	5.185356918	-100
18.58094623	-0.201284006	5.919736862	0.415	0.031	7.169049377	5.643049377
18.59573316	0.612352391	2.739233017	0.384	0.095	5.632985153	4.306985153
18.52441188	0.695369147	9.059396744	0.308	0.08	5.224296158	4.117296158
18.45596956	-3.931977155	-100	0.283	0.005	6.730852386	5.486852386
18.71279181	1.411381106	-100	16.739	17.909	3.430017868	-100
18.64892814	1.539426232	7.581392288	0.23	-0.117	5.821001404	-100
18.71953461	-1.059931874	2.465126038	0.454	0.153	6.444876404	5.080876404
18.49181824	-1.051367778	1.645107269	0.557	0.072	9.276574478	7.424574478
18.69737723	-0.927057698	1.21112442	0.582	0.055	6.057359253	-100
18.46930768	-1.865274949	9.430856705	0.344	0.065	5.252307159	4.057307159
18.38238955	-2.846608294	3.77148056	0.249	0.027	5.723082657	4.709082657
18.54291605	-2.629758519	6.068927765	0.464	0.077	7.512955124	6.061955124
18.44621987	-2.549417412	2.594715118	0.463	0.033	6.471457016	5.116457016
18.63386859	-0.781259429	-100	0.523	0.019	8.786819794	7.084819794
18.44934434	-0.641759579	-100	0.428	0.105	4.302983383	3.032983383
18.48564523	-0.559950665	-1.671880722	0.589	0.104	9.53618222	7.72918222
18.56454604	-1.934929142	2.229551315	0.583	0.169	4.479681366	-100
18.56388882	-1.867380978	-100	0.286	0.031	5.351910294	4.144910294
18.62971133	-0.95665607	1.589387894	0.226	-0.017	6.181453247	-100
18.56758743	-1.486569781	1.865528107	0.401	0.082	7.01606575	5.61106575
18.55925312	-0.901726188	-100	16.777	15.819	6.466774231	-100
18.54307082	-1.853926872	6.904756546	0.888	0.4	2.379538727	-100
18.69045222	-0.49334932	-100	0.364	-0.05	5.75222197	-100
18.64313086	-0.484239645	4.959526062	1.13	0.565	4.963382416	-100
18.53448171	-0.066935	5.359704971	0.337	0.035	6.187886612	4.880886612
18.36301978	-4.792890566	2.513765335	0.57	0.2	7.139558472	5.623558472
18.48014469	-1.995222529	1.657833099	0.549	0.124	7.416134338	5.907134338
18.47983502	-1.729151115	1.889247894	0.591	0.053	9.070458282	7.208458282
18.63042407	0.476306658	1.483211517	1.458	0.986	5.657838455	-100
18.57835595	0.481324875	5.907255173	0.366	0.058	5.133403473	3.874403473
18.67477948	-0.239583961	0.303010941	0.424	0.189	5.074167328	-100
18.47962412	-1.557280358	-100	0.353	0.134	7.476932297	6.194932297
18.56720213	-1.286663478	4.758817673	0.42	0.11	7.03310231	5.55510231
18.51962078	-0.992658216	5.279401779	0.393	0.041	7.106808014	5.694808014
18.49968693	0.799025503	3.162479401	1.329	0.536	5.646995529	-100
18.48306966	-3.848718417	5.162982941	0.339	0.042	4.410848022	3.338848022
18.56472907	-1.449477566	2.859106064	0.561	0.074	9.21475058	7.31175058
18.65672267	-0.502041664	2.070846558	16.883	15.398	5.547747375	-100
18.57903734	-0.314601374	4.537359238	0.549	0.226	6.401167221	5.056167221
18.67658542	-0.600781559	-100	0.323	0.034	5.409357666	4.145357666
18.57445703	0.106137882	-0.010375977	1.101	0.502	5.903037048	-100
18.44944985	-0.842423411	-100	1.349	0.403	5.964487442	-100
18.68979505	0.536490515	1.718456268	1.446	0.563	4.477911407	-100
18.62413533	0.674898094	-100	0.608	0.097	8.827513092	6.993513092
18.47838808	-1.178182866	2.328235626	0.353	0.042	6.380489502	4.992489502
18.51528411	-3.112882748	2.703496933	1.498	0.988	4.263600494	-100
18.52572806	-0.41609365	-0.680458069	1.585	0.649	5.184888046	-100
18.64918329	0.758464399	4.063358307	0.351	-0.063	6.379416092	4.960416092
18.65933062	0.817637208	1.605098724	16.878	15.896	7.314407257	-100
18.7093508	0.246248353	2.436441422	0.532	0.076	7.998888046	6.337888046
18.57144777	-0.921781686	4.000020981	1.542	0.712	2.51111911	-100
18.6925544	-1.103989255	2.111879349	0.289	0.088	5.546109436	4.278109436
18.48369648	-1.084119131	-0.674654007	0.55	0.063	9.959719055	8.143719055
18.50828816	-0.684642342	-0.570196152	1.458	0.699	5.692725098	-100
18.70299667	-0.537927577	2.146965027	0.43	-0.012	7.373070099	5.801070099
18.46603646	-0.610801414	-100	0.983	0.386	6.906167557	-100
18.66037334	-0.617396793	2.38130188	0.551	0.106	7.52725563	5.77425563
18.48245712	-3.055834922	-100	0.617	0.121	7.17971167	5.50371167
18.5311998	-3.032927568	1.758087158	1.227	0.505	6.044049591	-100
18.40198006	-2.761264203	0.394807816	0.593	0.069	9.508004959	7.569004959
18.58732786	-0.734335765	2.001916885	15.47	14.831	7.714413971	-100
18.45519455	-0.619211928	-100	0.331	0.034	6.416628723	5.143628723
18.37220233	-2.678071024	6.309898376	0.348	-0.026	6.334784271	-100
18.62924732	-2.483066831	1.936588287	0.465	0.095	7.926085724	6.365085724
18.54501018	-0.255131491	4.260030746	1.421	0.429	4.352681213	-100
18.50598024	-0.249703396	-100	0.515	0.197	6.209718735	4.905718735
18.68641168	-0.230079386	1.80137825	0.39	0.072	7.671068298	6.348068298
18.66444512	-0.071252486	-100	0.508	0.102	8.365001068	6.654001068
18.62417314	0.859101872	-1.025463104	0.876	0.692	6.994634659	-100
18.61825591	1.75033105	3.356895447	0.343	0.043	6.698074005	5.444074005
18.5617988	-2.179387381	-100	1.284	0.319	16.12389613	-100
18.534049	-2.159031614	4.471513748	0.372	0.059	6.880263626	5.527263626
18.58926547	-0.467938722	9.057258606	0.317	0.048	6.212274475	5.001274475
18.47409679	0.140270284	-100	0.391	0.101	6.072600418	4.797600418
18.6050284	0.258351818	-0.178186417	0.454	0.071	7.717101105	6.142101105
18.3429902	-4.145824086	0.666543961	0.438	0.071	7.657439224	6.359439224
18.36041951	-3.98771023	2.22646904	1.57	0.698	5.050460876	-100
18.58519289	0.928950593	-0.302946091	1.363	0.759	6.457379608	-100
18.57534256	0.972813414	-100	0.339	0.056	6.985281097	5.640281097
18.55502831	-0.908962112	1.910657883	1.575	0.719	4.323738754	-100
18.4617588	-0.916518323	5.260725021	0.4	0.094	4.241440598	3.059440598
18.65681505	-0.846056652	-100	1.369	0.575	6.303070236	-100
18.57722157	-0.820294941	8.480035782	-0.369	-0.333	-1.614713165	-1.234713165
18.51966521	-0.802558363	-100	1.435	0.479	6.190726379	-100
18.67689525	-0.779039089	2.060043335	0.403	0.08	6.881430817	5.549430817
18.5153476	-0.769396101	-100	1.362	0.482	6.775924438	-100
18.62822481	0.325289264	-0.025735855	0.817	0.37	6.019300171	-100
18.58712031	-0.680227872	5.372085571	1.999	1.117	1.863262329	-100
18.49671561	0.581187028	-100	1.79	1.216	4.104374176	-100
18.47853986	1.95569852	3.867801666	1.046	0.48	4.526623947	-100
18.56113524	-0.777368989	0.516994476	1.563	0.725	6.731451004	-100
18.62433876	-0.685045497	1.328090668	1.495	0.86	5.237289337	-100
18.50031317	-0.506311184	-100	0.643	0.263	5.491767471	3.896767471
18.53537137	-0.460185064	-100	0.399	0.081	6.745612839	5.386612839
18.62585278	0.52972602	-100	0.861	0.213	7.501178085	-100
18.57225973	-0.692301372	-1.439876556	0.51	0.147	9.006998276	7.284998276
18.6488343	0.976415948	-100	0.395	0.013	7.357488739	5.873488739
18.54160317	-1.216048663	-2.940084457	1.412	0.352	7.020626297	-100
18.51510074	-0.633778351	5.536823273	0.418	0.167	6.209273712	-100
18.53285237	0.847035568	3.050699234	1.044	0.335	4.266124405	-100
18.61076112	-0.190296934	2.463764191	0.704	0.222	5.166560455	-100
18.65458846	0.256199724	-100	0.469	0.088	7.560663773	5.993663773
18.50930472	-0.592261513	-100	0.841	0.538	4.658501892	-100
18.4577758	0.199230463	5.422502518	0.454	0.088	7.362354813	5.961354813
18.65408955	0.337249795	1.192199707	1.193	0.32	5.835818771	-100
18.54190725	0.356598694	-100	0.35	0.075	6.571665344	5.352665344
18.55014607	0.40634253	3.388233185	0.4	0.076	6.161910431	4.827910431
18.5291837	0.434795148	4.963502884	0.367	0.078	6.313941132	5.034941132
18.67899672	1.009731886	3.63035965	1.176	0.767	3.733137421	-100
18.71411481	1.00169968	-100	0.165	-0.201	5.698992905	4.300992905
18.48113939	-2.91916185	6.512641907	0.329	0.097	5.984806854	4.844806854
18.54564782	-2.92638058	5.576921463	0.614	0.073	9.443851547	7.428851547
18.63053227	-0.122397901	4.05421257	0.38	0.104	7.211208176	5.874208176
18.49453667	-0.114406577	2.637453079	1.394	0.559	5.227080444	-100
18.48734944	-1.569054095	0.521526337	0.283	0.131	4.271594971	-100
18.46343291	-1.543176661	5.87575531	1.215	0.463	7.193232101	-100
18.48181158	-1.524218804	-0.885725021	0.735	0.109	6.96368367	-100
18.62054559	-0.611142636	-100	0.359	0.098	5.065735153	3.895735153
18.50633605	-0.575370839	-100	0.395	-0.28	5.957844223	-100
18.56200403	-0.911987516	0.269138336	1.217	0.578	7.331796432	-100
18.67682324	-1.471425422	-100	0.302	0.045	5.721184265	4.484184265
18.65472974	-1.38482832	0.593004227	1.227	0.406	6.253477905	-100
18.579252	-1.362309221	1.961280823	0.427	0.003	6.497827942	-100
18.48122993	-1.167960819	-100	1.458	1.059	5.439990585	-100
18.53193857	0.189590294	-100	0.257	-0.107	6.547915756	5.068915756
18.66630375	0.410317402	8.605556488	0.285	0.063	4.903147827	3.831147827
18.62255523	0.452724183	2.123687744	0.362	0.053	6.722960632	5.352960632
18.49698349	0.560913607	5.110044479	0.333	0.103	5.839114731	4.678114731
18.60103467	0.398269318	-0.105682373	0.984	0.677	6.378518555	-100
18.62448745	0.434431796	1.976825714	0.469	0.062	7.59120784	6.04120784
18.70359561	0.630458475	-100	0.641	0.078	7.204281372	-100
18.47922099	-0.029764995	-100	0.346	-0.011	6.165802933	4.846802933
18.69545233	0.52433029	-1.876636505	0.804	0.245	8.600555786	6.323555786
18.63953127	0.526308059	5.174367905	0.314	-0.007	6.723353256	5.374353256
18.57842365	0.586713975	-100	0.538	0.151	8.25224733	6.68724733
18.61668837	-1.065594221	5.848993301	0.394	0.052	6.371459732	4.958459732
18.65278841	-0.950241664	4.023117065	0.453	0.125	6.731455719	5.357455719
18.6814799	0.562587372	-100	0.444	-0.014	4.656186279	-100
18.56342526	-2.446600404	-100	0.402	0.068	5.646471054	4.368471054
18.62795275	-2.200652214	1.941776276	0.371	0.063	6.55848465	5.14148465
18.48183126	1.095422196	2.72580719	1.081	0.58	5.327298248	-100
18.61169785	1.127963455	2.059576035	0.387	-0.029	5.115206406	-100
18.45697078	-2.734128133	4.057924271	0.345	-0.005	7.123940308	5.800940308
18.68734638	-2.427500564	3.538398743	0.425	0.069	6.958884613	5.472884613
18.54455583	0.668159529	4.459142685	0.743	0.081	11.79656212	9.416562119
18.65614426	0.711466559	3.958217621	0.41	0.108	7.863901581	6.422901581
18.46029123	0.534345178	-2.419527054	0.323	-0.005	6.422972565	4.975972565
18.68159845	-0.219819175	2.854715347	0.416	0.03	7.730033554	6.286033554
18.5216348	0.665302341	3.226724625	0.406	0.561	3.95989653	-100
18.50018077	0.844502542	-100	0.397	0.098	5.786941284	4.421941284
18.70983384	1.003706784	-100	1.28	0.544	5.545979889	-100
18.61589577	-0.057277035	-100	0.487	0.046	5.833659271	4.245659271
18.56687344	-1.133077308	1.953029633	0.321	0.082	6.918934296	5.470934296
18.64041793	1.038525713	0.237537384	16.17	16.485	4.986741684	-100
18.52351089	1.136297257	-0.844697952	0.477	-0.029	6.169786667	-100
18.46050873	-1.15034652	-100	0.355	0.061	6.03815062	4.67115062
18.49359665	1.315640403	3.131443024	0.415	0.037	7.73317485	6.14817485
18.48936506	1.679832756	3.119924545	0.34	0.078	6.791376953	5.454376953
18.65021944	-0.058152417	0.031187057	0.51	0.149	7.503735504	6.078735504
18.54950339	0.649580937	-100	1.077	0.238	14.80893555	11.02893555
18.59041553	0.689643834	-100	0.928	0.364	5.612658752	-100
18.62655424	0.072699094	0.600852966	1.751	0.941	5.403377121	-100
18.56246115	-0.828271368	-100	0.321	0.069	4.511406799	3.433406799
18.66920939	-2.285474381	0.846588135	16.345	16.819	3.958138077	-100
18.44755111	0.975809526	3.857982635	0.324	0.101	5.769754059	4.613754059
18.48085363	1.402768312	0.757701874	1.044	0.577	5.38172464	-100
18.64826902	1.697598513	-100	16.857	15.514	4.311233459	-100
18.66621103	-0.733038418	-100	0.373	0.046	6.134039581	4.749039581
18.63830228	0.021270778	1.388505936	0.444	0.228	5.961213562	-100
18.5729445	0.070108254	0.927871704	1.305	0.668	5.946628967	-100
18.53227641	-1.983149173	-0.13854599	0.369	0.027	7.510681992	6.084681992
18.49183262	-1.837445057	-100	0.54	0.08	9.051628815	7.212628815
18.49922353	-0.169402843	3.067052841	0.418	-0.073	5.617131424	-100
18.60412787	-1.249365167	-100	1.069	0.219	4.905711227	-100
18.59541818	-1.141528984	1.365571976	16.95	16.928	5.651740524	-100
18.52527859	-1.098064913	1.014621735	0.52	0.177	7.39798703	5.88598703
18.55074228	-2.190341346	-100	12.521	12.519	6.462300354	5.296300354
18.69216347	-0.094518963	3.485376358	1.773	1.347	4.016278625	-100
18.58954621	-3.485060716	-100	0.314	0.042	5.531114197	4.455114197
18.40341323	-3.849887651	3.696352005	0.448	0.067	7.695594406	6.250594406
18.59701044	-1.442797804	1.180793762	0.63	0.108	10.78144629	8.725446289
18.62646618	-0.592316716	-100	0.446	0.088	6.878477676	5.353477676
18.56511286	-0.472147842	4.276651382	0.379	0.06	6.954818512	5.642818512
18.46922296	-0.525317037	2.235197067	0.438	0.121	6.819500839	5.312500839
18.69284141	-0.000683693	4.973949432	1.159	0.375	6.573738861	5.159738861
18.61688093	-0.848675546	2.169277191	1.082	0.286	4.34186496	-100
18.60867029	-1.797318009	0.324205399	0.503	0.112	6.863863037	5.169863037
18.44234528	-0.361000783	1.353187561	0.571	0.114	9.217340164	7.476340164
18.58666525	-3.471235828	0.229185104	0.267	-0.03	5.600913086	4.396913086
18.55705412	-4.887491123	0.980014801	0.383	0.025	6.85035968	5.39635968
18.47314895	1.378413584	5.744762421	0.302	0.053	6.270393661	5.156393661
18.64087252	1.605786834	1.26159668	1.092	0.496	3.91349321	-100
18.49256819	-2.157249348	-100	2.479	1.548	3.309469681	-100
18.51713319	-1.741946058	6.317749023	1.125	0.315	2.700177094	-100
18.50619856	-3.477252041	4.453077316	0.389	0.031	6.02094606	4.75794606
18.53153995	-0.736029088	0.13417244	1.245	0.494	5.475920105	-100
18.65491219	-1.498805624	-1.005115509	0.538	0.207	6.999031631	-100
18.62157412	-1.428241445	-100	0.559	0.078	8.323338165	6.632338165
18.70677694	-1.408645933	-100	0.608	0.097	9.350678772	7.479678772
18.48998012	-1.356428593	-100	0.772	0.142	10.5009402	7.985940201
18.53215155	-1.286654778	1.337352753	0.48	0.053	9.01402182	7.30202182
18.44206934	-1.072789483	2.424762726	1.506	0.673	5.905530197	-100
18.57022175	-0.950332736	4.439367294	0.446	0.145	7.52561705	6.06861705
18.5864953	-0.898673497	-100	0.536	0.07	9.397875259	7.555875259
18.5900705	0.179643753	-100	1.011	0.397	7.563268723	-100
18.62133478	0.400777346	3.110338211	0.41	0.082	5.594192825	4.323192825
18.48502224	-1.162089832	0.608097076	0.453	0.107	8.360522629	-100
18.58574301	-1.201910328	-100	1.051	0.589	5.649742661	-100
18.53624202	-1.186245413	3.453626633	0.617	0.146	10.15029152	8.236291519
18.57563496	-0.485552872	-100	0.323	0.102	6.419916275	5.250916275
18.44016951	-0.509087387	3.914756775	0.497	0.083	9.236238037	7.577238037
18.71793022	-0.047306726	0.955791473	0.439	0.107	7.830909668	6.639909668
18.61124792	-1.233463043	-1.746183395	0.662	0.222	6.811677765	-100
18.5292524	-0.937151379	2.636352539	0.602	0.126	9.116380554	7.271380554
18.61975571	-0.808810777	2.236135483	1.525	0.743	7.329454376	-100
18.4604025	-0.548105482	1.656833649	0.439	0.084	6.809897873	5.478897873
18.45000657	0.799768755	-100	1.315	0.698	4.832130173	-100
18.57660008	0.988351107	-100	0.532	0.206	7.278351532	5.829351532
18.52355692	-0.946350614	1.974479675	1.158	0.416	4.719902451	-100
18.58543547	-0.704853352	1.069396973	1.39	0.64	5.550047791	-100
18.58219996	-1.01235189	0.372613907	0.449	0.11	8.951501251	7.249501251
18.52991389	-0.912363321	-1.039115906	1.469	0.736	6.922034378	-100
18.65493859	-0.93057923	1.355613708	0.478	0.153	7.683385025	6.176385025
18.44637498	-0.889953646	-100	0.304	0.063	5.608898712	4.428898712
18.7059661	0.005176401	3.37497139	0.655	0.356	5.688196457	4.487196457
18.67952596	-0.810183023	0.749761581	16.954	15.892	5.031873901	-100
18.50967475	-0.7969028	-100	1.512	0.769	3.257212784	-100
18.71268423	-0.726186942	5.489213943	0.402	0.065	6.736842758	5.262842758
18.45194137	0.18891364	2.938323975	1.163	0.45	4.800436188	-100
18.44284625	0.305847167	4.084323883	15.569	13.35	5.282266998	-100
18.44284625	0.305847167	4.084323883	1.114	0.341	4.854266998	-100
18.54879367	0.318284839	1.908443451	0.444	0.069	6.355031967	5.045031967
18.45585509	-0.727181335	1.170066833	1.245	0.5	8.081012024	-100
18.48689663	-0.865109971	1.900068283	0.337	0.083	7.117973907	5.799973907
18.49094443	-0.711018546	-100	0.405	-0.097	4.072510895	-100
18.54205505	0.201990377	-100	0.973	0.315	7.333206085	-100
18.44523645	0.202179489	3.909832001	1.041	0.342	7.951569794	-100
18.64865745	0.050273073	-100	0.442	0.081	6.978328491	5.536328491
18.49808471	-0.546828425	-100	1.204	0.825	3.975544052	-100
18.64501223	0.039222885	4.424470901	0.411	0.096	7.200213654	5.786213654
18.48583515	-0.563648788	1.820823669	0.258	-0.196	4.939883484	-100
18.33937416	-2.974218672	1.696062088	0.328	0.075	6.471099457	5.191099457
18.51967458	-2.949629573	2.001491547	0.369	0.046	5.628775986	4.292775986
18.32311219	-2.921401762	1.896121979	0.207	-0.064	5.426946045	-100
18.63566585	-0.124741867	-100	0.385	-0.017	6.715981201	-100
18.69440929	0.346345209	-100	0.213	0.16	4.049616745	3.277616745
18.48495038	0.389610365	-1.225215912	1.346	0.381	7.155555923	-100
18.68273452	0.286153749	4.4467659	0.771	0.229	3.994335464	-100
18.51374134	0.556310605	0.93057251	0.548	-0.029	7.410017242	5.553017242
18.63419447	0.532282685	1.477495193	1.013	0.393	7.819495605	-100
18.50771912	0.54454097	0.190168381	0.503	0.07	8.104638168	6.493638168
18.60584349	0.27846579	-100	0.463	0.062	5.854861053	4.477861053
18.51317827	-0.230809087	-100	1.368	0.626	5.097848648	-100
18.68024037	-0.124671816	2.951272964	1.422	1.028	2.73930513	-100
18.64171186	0.957729996	8.913261414	0.383	0.072	5.982853577	4.794853577
18.55584833	-0.28407279	3.025352478	1.13	0.404	3.33443924	-100
18.66115418	-0.2003672	-100	0.406	0.103	6.56255925	5.20655925
18.69427221	-0.604694825	-100	0.711	0.116	10.84698849	8.689988495
18.71156558	-1.315369207	5.218357086	0.331	-0.021	5.982047531	4.684047531
18.46257025	-0.661704053	0.900888443	0.56	0.147	7.72335437	-100
18.3427948	-3.376659674	1.668838501	0.324	0.034	6.362716919	5.156716919
18.71700029	-1.156673449	4.625553131	0.342	0.064	6.411143402	5.129143402
18.54192591	-1.036159462	2.473299026	0.505	0.131	8.558290573	7.038290573
18.60228576	0.446427852	4.458387375	0.304	0.027	4.860917007	3.553917007
18.66236553	0.543054444	-100	0.441	0.048	8.075996429	6.459996429
18.63469305	0.466594047	2.038265228	0.445	-0.21	5.205225433	-100
18.65033144	0.523211077	-100	1.393	0.707	5.87621431	-100
18.44457945	0.475365239	-100	0.312	0.138	-1.931819283	-1.573819283
18.70863335	0.000570877	4.57758522	16.965	15.654	4.643546387	-100
18.63976536	0.050111145	-100	0.465	0.079	8.091614777	6.537614777
18.67098747	0.070568913	-100	0.657	0.104	9.104571259	7.032571259
18.68137895	0.089913723	-100	0.913	0.325	5.400049011	-100
18.57251973	-0.883892111	4.478910446	0.543	0.103	9.158236526	7.300236526
18.64159195	-0.795711439	-0.47700882	1.194	0.158	5.931214355	-100
18.69518367	0.705844926	3.041284561	0.42	0.073	7.775481094	6.359481094
18.6560038	0.105752602	-100	0.724	0.135	11.5227894	9.330789398
18.46379288	0.181817511	2.166175842	0.883	0.55	6.056297607	-100
18.48819781	0.371698817	1.692699432	0.942	0.433	5.971822647	-100
18.48122358	0.41224639	2.522796631	0.977	0.607	3.031480225	-100
18.66645039	0.468640608	3.23944664	1.132	0.644	3.711944656	-100
18.48768886	0.826254866	5.218156815	0.651	0.119	11.6194398	9.505439804
18.46532695	0.583997309	-100	0.457	0.141	7.933179031	6.498179031
18.61025202	0.830734022	-100	0.626	0.105	7.525850693	-100
18.71319218	0.550910527	-100	0.773	-0.156	6.738510666	-100
18.49877645	0.64210271	-100	0.303	0.129	5.843871277	-100
18.31930875	-2.941513259	1.891746521	0.434	0.133	8.142708832	6.758708832
18.53221201	-0.397423815	5.786617279	0.36	0.064	6.608580688	5.378580688
18.71033235	-0.218520149	7.437492371	0.3	0.068	5.952064163	4.421064163
18.60002908	-0.211683572	2.879943848	0.442	0.107	6.018226318	-100
18.62297498	0.47008519	1.908445358	1.086	0.479	7.372619812	-100
18.57332182	0.978575444	-100	0.461	0.04	7.183980667	5.746980667
18.54072207	-0.01660169	1.137590408	16.718	15.057	5.533762405	-100
18.44789188	-0.004913083	5.858837128	0.365	0.045	5.667774658	4.397774658
18.50319927	0.15705439	-100	0.052	-0.268	6.900370331	-100
18.637413	0.233314279	4.131374359	0.879	0.241	7.165135437	-100
18.69633461	0.551092312	3.684242249	0.564	0.028	8.313116409	6.542116409
18.6898839	0.577467447	-100	1.402	0.71	6.205843658	-100
18.6086543	0.56675932	5.404608727	0.449	0.064	5.018610756	3.516610756
18.45384775	0.237143671	4.624465942	0.393	0.116	6.851709473	5.459709473
18.67418931	0.13923279	1.001235962	16.691	16.385	5.712677231	-100
18.61351224	0.742073901	3.672897339	0.657	0.22	4.718498215	-100
18.57120627	0.351877964	1.268344879	0.54	0.082	6.458201614	4.836201614
18.46315776	0.371422059	0.213102341	0.056	-0.101	7.237938065	-100
18.58844817	1.004848736	3.330989838	0.521	0.066	8.270178329	6.613178329
18.69828325	1.037338687	2.006563187	0.558	0.13	7.180905548	-100
18.52174921	-0.040201417	6.898441315	0.388	0.061	7.329158569	5.956158569
18.62356231	0.516589616	6.408462524	1.285	0.667	4.689227295	-100
18.6072638	0.536635954	5.929880142	1.196	0.627	1.974481812	-100
18.50899969	0.386195474	0.719226837	0.729	0.079	11.61052357	9.253523575
18.58079821	0.36228726	1.297851563	0.349	0.121	5.520229568	4.253229568
18.65560503	-0.157198612	8.04044342	0.382	0.103	6.657199631	5.464199631
18.52834951	-0.001087786	8.558225632	0.417	0.059	6.915580826	5.505580826
18.52739547	0.62970959	6.306442261	0.357	0.085	5.278924515	4.128924515
18.54661711	-0.400464037	7.081003189	0.446	0.069	7.599731979	6.091731979
18.47034138	0.917260489	3.164539337	0.39	0.083	6.025931259	4.713931259
18.48757587	1.951672108	2.567314148	0.409	0.054	6.247562195	4.836562195
18.59309702	0.717805231	-100	0.422	0.072	6.730799423	5.346799423
18.56858699	0.993160623	6.0423069	1.053	0.272	4.239537552	-100
18.49406391	-0.198595281	3.350553513	0.386	0.061	6.884375443	5.484375443
18.44133547	-0.116467563	3.881639481	0.402	-0.012	6.35291539	4.90391539
18.42755059	-2.934492621	3.995542526	0.396	0.079	7.211728592	5.900728592
18.48651885	0.420473624	3.012441635	0.43	0.065	6.964500641	5.540500641
18.68030028	0.41985935	6.271020889	0.487	0.106	7.787980087	6.249980087
18.52742033	0.743258023	-100	0.859	0.205	7.041053711	-100
18.32877865	-4.921680927	-100	0.601	0.16	7.994962006	6.249962006
18.67141285	-1.340747362	1.348518372	16.629	15.38	6.522037048	-100
18.47764388	0.055107405	0.802024841	0.762	0.091	5.92280423	-100
18.45429309	-0.896113028	4.382461548	0.416	0.121	7.429856888	6.040856888
18.5784229	0.370855393	3.172908783	1.285	0.365	6.109937225	-100
18.584098	0.556190349	5.64282608	0.27	-0.007	6.440426666	5.196426666
18.45515957	0.89280532	4.007907867	0.337	0.048	5.792888382	4.521888382
18.54892228	-2.961844102	1.322685242	17.042	15.655	5.564129089	-100
